,Ticker_1,Ticker_2,Sharpe_Ratio,Total_Returns,Norm_Yearly_Returns,Max_Drawdowns,VaR (perc.),CVaR (perc.)
389,JDST,UVXY,0.7070415711634617,6.838352944074452,877.1314302909742,784.8277623524177,-0.09233645458147689,-0.8221627504695664
181,GDXJ,UVXY,0.7069735624786395,6.694907424870793,831.5091326912672,2135.955527763354,-0.0950003029166009,-0.8440491045742221
155,GDX,JDST,0.7070041983333754,6.631017517637523,811.8808718162745,1200.5715621465608,-0.042523487182144416,-0.20893263540096763
101,DUST,UVXY,0.7069586055249811,6.474878222999216,765.6346410491863,2896.7186777878032,-0.18966728701544977,-0.7516910121355789
170,GDX,UVXY,0.7069121001848457,6.3417294304829275,728.0553468301517,2003.8152522986995,-0.26587571230372903,-0.7544500083087472
475,SHV,UVXY,0.7068936989382709,6.249454774403786,702.9735524334816,2383.940506248219,-0.11002552588524583,-0.4616517473370361
134,EWW,JDST,0.7069445779101153,6.210609113636353,692.6432320484093,1670.5702082369066,-0.03339757418870572,-0.2153117971431163
512,SLV,UVXY,0.7067808853150295,6.2050560504207075,691.1773897943854,2230.611715273376,-0.12128806154733925,-0.4675116135821008
321,IVW,JDST,0.706779216978352,6.064679935561605,655.009373579187,1533.375595140026,-0.03739175790604814,-0.19850290648568739
348,IYR,JDST,0.7067754439430446,6.017557491438045,643.2427319839833,1539.5230071488031,-0.03698124313725391,-0.1944770134592686
176,GDXJ,JDST,0.7066980377179247,6.00819380808767,640.9265187140575,1459.5300675637964,-0.040130459354479,-0.20036326311805497
190,GLD,JDST,0.7067135875107329,5.992835651204819,637.1431227374933,1341.0439598023916,-0.03870047527962322,-0.2121650750074186
210,IAU,JDST,0.7067851867689855,5.984972545411714,635.2135744296295,1316.4364374225327,-0.039820190977078056,-0.2122559379914323
269,IEF,JDST,0.7068016846663022,5.934131808345435,622.8589564191057,1340.1585462263527,-0.03905657736364662,-0.20925336186749377
256,IBB,UVXY,0.7066491877780855,5.934057709953664,622.8411024108827,2706.800495859295,-0.1278989056789115,-0.6581222161923259
338,IWF,JDST,0.706716205854494,5.927116903386496,621.1706687586011,1513.084062522604,-0.0355989218068085,-0.19762799813491133
310,IVE,JDST,0.7066232522357708,5.854274620448231,603.8709709578652,1504.9146493660367,-0.03715228969103883,-0.19761479107616664
314,IVV,JDST,0.7066203662432483,5.848676793688335,602.5588129585277,1506.8592827656867,-0.0376719133786616,-0.1978994823662763
329,IWB,JDST,0.7066418245802581,5.84735860094449,602.2501781270705,1541.600777157938,-0.03740560334497691,-0.19737909529569983
36,BSV,JDST,0.7067094002537662,5.837787464864332,600.0133042560542,1350.9047960861815,-0.03871416738695651,-0.20246873229650744
25,BND,JDST,0.7066379668241972,5.755165670827497,580.9975734522374,1348.2741590554883,-0.038529530365451696,-0.2026837298958848
7,AGG,JDST,0.7066481832347135,5.744172862128195,578.5067810234293,1355.9694269266722,-0.03895770404635805,-0.20349946286336054
45,DIA,JDST,0.7064976792357388,5.737960588588921,577.1032115106101,1493.4159677942341,-0.03876533315146672,-0.2001538509832346
545,TIP,UVXY,0.7064936625458798,5.679727392649097,564.0866581377594,2362.3719321929707,-0.12286893482142291,-0.45370562453674756
122,EMB,JDST,0.7065234516333445,5.664873656253594,560.8067286517472,1339.2644286571754,-0.03951672120628524,-0.20008771442195492
335,IWD,JDST,0.7064860670370345,5.6471443520002795,556.9130308945398,1501.1882017880737,-0.039226945855962564,-0.1997971994102363
204,HYG,JDST,0.706364429164803,5.578333015921706,542.0168340633462,1379.9085652684162,-0.03957970887480566,-0.19650957604264252
229,IBB,JDST,0.706505543271587,5.415680708472987,508.13511677390227,1827.916184789418,-0.03951198180828972,-0.2785575490193595
197,GLD,UVXY,0.705870359987105,5.347450084573165,494.4600695974368,2197.32275698515,-0.1173791717923979,-0.48573479194872865
217,IAU,UVXY,0.7061317462363316,5.320433323685413,489.1306410791553,2198.7079443151442,-0.13502495348554133,-0.48813533235915874
71,DUST,JDST,0.7059304076746132,5.238469309962696,473.2526947997294,4462.463161081954,-0.046905953866768504,-0.5439762269026813
43,DIA,DUST,0.6749779153140761,2.3251943008270834,117.07327143512846,536.9553885448361,-0.047916821035896374,-0.4045648768861396
246,IBB,SQQQ,0.6712672940517121,2.174853717799387,106.46304246180162,2240.6163487488802,-0.2871200715746054,-1.9501352849661269
468,SHV,SVXY,-0.8030394667457476,1.6570610819761638,73.73373698540598,1088.6313083271716,-0.07571981538137143,-0.4633172856627256
21,BND,DUST,0.6457621848184385,1.5438064613038276,67.29727834613098,503.9145955183101,-0.2121040061408963,-0.6958801490234752
3,AGG,DUST,0.6481890469814546,1.5291297578148513,66.48081961207993,504.46658868366023,-0.20010265959715018,-0.6885409139338626
30,BSV,DUST,0.6441029743764078,1.4769234826048243,63.60876745329656,504.0723880128872,-0.1031713413047673,-0.48257593680692995
380,JDST,SVXY,-0.8836903354797555,1.41438880073743,60.233659141778205,816.9057798082503,-0.1297621678774699,-0.45360150429081764
92,DUST,SVXY,-0.7973076682776067,1.4133711636547979,60.179315121571484,817.548953766088,-0.1676735934712481,-0.7101225068221345
364,JDST,NUGT,0.7674927103411584,0.6542461568407083,24.36891109600194,296.4972862318425,-0.2996974723302828,-2.6391851610011314
365,JDST,OIH,-0.09087298871839808,0.4845447049412925,17.528997178428078,307.63847956447324,-38.011628090456696,-42.958812253332745
77,DUST,OIH,-1.3755756406042563,0.47061995138806934,16.98474048858742,303.2656784761464,-0.5840967821785965,-2.963660290825824
362,JDST,LABU,0.36560024060481505,0.20293302652103964,6.998469236835368,15.964844877437264,-0.013808180808574586,-0.019017448699891335
370,JDST,SDS,0.2690317367746193,0.17849177079079043,6.130284974781515,72.70912114959921,-0.07914100940250783,-0.12618679780310368
97,DUST,UCO,-0.9779564496979155,0.1482920874543987,5.067277367454925,279.98821316172194,-0.20746169191987687,-1.3195625375701234
472,SHV,UCO,0.6859157677903784,0.13042150934987046,4.443266788817658,242.8853903197113,-0.2723417195092933,-0.5513927354292539
379,JDST,SQQQ,0.5528208648032338,0.07830308001383693,2.6444641520857206,846.5813919421324,-1.5340471643399858,-7.608694078758615
386,JDST,UNG,-0.3196180471512119,0.05666573352194888,1.9068095523631718,10.391413788648814,-0.007241996369053572,-0.010510676751275334
371,JDST,SH,-1.069618768849623,0.055516341881228615,1.867773419130896,2.120819812774662,-0.0013000360480648545,-0.0031785167119952164
93,DUST,TBT,-0.8945768885640858,0.033579268740220936,1.1255966584243204,1.9106502370976155,-0.001822519183140326,-0.0041422464781963935
83,DUST,SH,-2.932057392541156,0.026794103531750074,0.8971371516844238,2.120819812774662,-0.0006272502811116845,-0.0029211828212107158
381,JDST,TBT,-7.024768471332115,0.015263541011639214,0.5100812076222838,7.332699288146284,-0.0035289724295759235,-0.005341861284272996
98,DUST,UNG,-1.724387487883265,0.009068561746383022,0.30274273454673056,7.193691657735017,-0.003799710253108724,-0.007072847583373377
366,JDST,PFF,-6.636745130565251,0.007418012882041715,0.24757305327724444,2.376281895290688,-0.00085104566068305,-0.0016014015846847803
405,JDST,XRT,-3.305227524326939,0.003972692893184568,0.13251081453723923,5.726045561761525,-0.0035020154637953665,-0.004858549506885088
271,IEF,SLV,-25.366137972956604,-0.0030154555051490482,-0.10046468391572852,0.35159652824402654,3.991091476515994e-06,-1.70006581627097e-06
346,IWO,SLV,-21.85359684628768,-0.0035172200430791203,-0.11717196808209548,0.42124230194091067,4.652660281689692e-06,-2.1672460522830127e-06
464,SHV,SLV,-19.54285945845953,-0.003949559634500705,-0.1315653646051065,0.3941770381927563,5.227925692752411e-06,-2.539021756823746e-06
444,QID,SLV,-28.865186668190393,-0.004912142875745363,-0.1636041181721497,0.8156544802377209,6.478001851583732e-06,-7.692612742894522e-06
86,DUST,SLV,-4.481034977608712,-0.007327886931144617,-0.24396481863709474,3.854920491523162,-0.0018688526196366049,-0.0026993908049249837
374,JDST,SLV,-4.481034977608712,-0.007327886931144617,-0.24396481863709474,3.854920491523162,-0.0018688526196366049,-0.0026993908049249837
486,SHY,SLV,-8.39722137655058,-0.009701669534007392,-0.32286664550446975,0.9654760160446313,1.284851685514403e-05,-2.768532083750506e-06
185,GLD,IAU,-7.569977394051087,-0.010877481772339848,-0.36192618831641943,1.0818535888671976,1.441297466034349e-05,-6.902082795663689e-21
33,BSV,IAU,-6.418431639502812,-0.013085060176736385,-0.43521883846465703,1.2999822959899938,1.732646205418295e-05,-3.598667501643764e-06
440,OIH,TBT,-11.659773609679844,-0.013390440471733652,-0.4453533633893534,1.3301187347412087,1.7721163204789074e-05,-1.4379339157632685e-21
477,SHV,VCSH,-5.984257442229576,-0.01416928698057409,-0.4711959383349138,1.4069375083923115,1.873833182151134e-05,-6.902082795663689e-21
2,AGG,BND,-5.814069856213051,-0.014644947269889286,-0.486975320609323,1.4538231613159223,1.9373087324739198e-05,-6.902082795663689e-21
38,BSV,SLV,-5.798641397961721,-0.014689652191696035,-0.48845821688951696,1.458228561973574,1.945785861894052e-05,-3.1910874432127638e-06
63,DUST,INDA,-3.5560901512648733,-0.014712653066499288,-0.48922116480277905,4.5030554337781865,-0.0022300065918010666,-0.0032375565088460733
319,IVV,XHB,-8.77396245779926,-0.014909199447947462,-0.49574044574198334,1.8948066337050147,1.9732655467557015e-05,-5.676424475758712e-06
526,SPY,XHB,-8.668158589441518,-0.014959641927711452,-0.4974135122093391,1.9031593356457557,1.979931828869217e-05,-5.722938805905994e-06
476,SHV,VCIT,-5.562267606650642,-0.015410357010282379,-0.5123614947959767,1.5292225055694326,2.0380985570703955e-05,-6.902082795663689e-21
463,SHV,SHY,-5.541871326685072,-0.015475873885608048,-0.5145341774741239,1.5356737918853833,2.046208536646667e-05,-1.0353124193495532e-20
37,BSV,SHV,-4.478957418245123,-0.01988060890798585,-0.6604960358765092,1.968429271697969,2.6262660784784393e-05,4.601388530442459e-21
66,DUST,IVW,-4.244762144483073,-0.021672261064426438,-0.7198056025938564,3.377148968056689,-0.0010602785547677513,-0.002589499798792643
60,DUST,IAU,-5.179327810693663,-0.021991860705028312,-0.7303816773816687,3.34449427976181,-0.001922865935851112,-0.0026501654831508144
588,VOO,XHB,-8.157464969474475,-0.022029441120921797,-0.7316252007736819,2.5799137075650513,2.916541193970032e-05,-6.384897324680351e-06
50,DIA,XHB,-7.519138289917041,-0.02242437324857888,-0.7446924307994908,2.6563378690982713,2.968194348779711e-05,-8.049510905637875e-06
242,IBB,SLV,-5.109999878079299,-0.023366212886680376,-0.7758484008758693,2.3694332196196815,3.0911491492292594e-05,-1.499708344795168e-05
547,TIP,VCSH,-3.761125728065047,-0.02461137659490805,-0.8170232928882011,2.431098605346706,3.254766550159555e-05,0.0
78,DUST,PFF,-3.9402793796304056,-0.025414174556485824,-0.8435610391629647,3.957657427164246,-0.0004677920492044851,-0.0023782360885074073
369,JDST,RSX,-1.7893985613175307,-0.02842468294372212,-0.9430148934199446,7.190492106336015,-0.0029226080249222077,-0.0035403625715147587
81,DUST,RSX,-1.7893985613175307,-0.02842468294372212,-0.9430148934199446,7.190492106336015,-0.0029226080249222077,-0.0035403625715147587
375,JDST,SPLV,-4.6375535658952485,-0.030735201263200423,-1.019276515258253,4.596068439312221,-0.001691205762615147,-0.002678360015099565
428,LQD,SHV,-2.9682548579086943,-0.03338681426741431,-1.1067240545793529,3.2835625755309956,4.411538989996705e-05,0.0
9,AGG,SHV,-2.961747219441172,-0.033484811184101994,-1.1099544138594561,3.293040023803678,4.424855645174562e-05,1.3804165591327377e-20
400,JDST,XLP,-5.605543650169362,-0.033664348778240295,-1.1158723970638662,5.60132530448539,-0.0021313430532225084,-0.004122270968549757
528,SQQQ,TIP,-1.8848783269030858,-0.03599087271701938,-1.1925280996787,9.457322204589836,-0.005072189076340315,-0.009891417608265096
546,TIP,VCIT,-4.349040486091163,-0.03802437498142483,-1.2594804784294045,3.7310524932861515,5.0285997260743085e-05,1.3804165591327377e-20
387,JDST,USMV,-4.571102734229635,-0.03870686392321956,-1.2819410277132954,6.273703980602911,-0.00168552294992768,-0.003415795047224144
65,DUST,IVV,-0.9289795569344542,-0.03965542046662036,-1.3131493139126116,134.5453441753304,-0.11183518055036448,-3.962013436522628
401,JDST,XLU,-3.469221833696367,-0.042442465869525436,-1.4047883181547423,6.116999464416512,-0.0030678848969117388,-0.004776473362167899
56,DUST,GDX,-2.203430075085746,-0.042538674799455924,-1.4079501807252954,11.197205724620552,-0.005206672084247715,-0.007252855825510517
465,SHV,SPLV,-4.523905201185959,-0.044536506024768,-1.4735850822891634,4.521040210576029,5.893194535227574e-05,-6.603009841753261e-06
490,SHY,TQQQ,-2.3572503717401685,-0.04904339966573132,-1.6214899801512055,6.401642758814363,-0.0010207929172681804,-0.002848177218491971
5,AGG,INDA,-3.7142100560199527,-0.0494918112192648,-1.6361935680848156,5.252583139623568,6.540526183657861e-05,-2.9878572943990568e-05
117,DUST,XRT,-1.632471807823708,-0.050351074921847955,-1.6643630165664238,7.8027714655340255,-0.0028714964478038564,-0.006944490448050009
429,LQD,SPLV,-3.639597984269102,-0.05067791430266664,-1.6750757525665196,5.0415887163303665,6.707115998287255e-05,-7.162982537931687e-06
121,EMB,INDA,-3.8516757611858585,-0.056197650517462665,-1.8558186411284205,5.909962532476651,7.430237041479242e-05,-2.6538381981054594e-05
27,BND,SHV,-5.662266969078195,-0.06334891833890406,-2.0894917959308557,6.138408375930758,8.370245763181129e-05,4.601388530442459e-21
126,EMB,SPLV,-3.3093428457468086,-0.06364174326866925,-2.099048208759992,6.329291075444702,8.424881127836957e-05,-5.363544269543804e-06
398,JDST,XLB,-2.895508532376327,-0.0641160204296082,-2.114524380551546,10.494060924535518,-0.0030420880551158447,-0.005052639307271257
527,SPY,XLB,-3.4207970066932383,-0.06561032591411572,-2.163269173965625,7.005352352899128,8.681600727630028e-05,-1.358547023124716e-05
74,DUST,LABU,-0.34801440603269407,-0.06675656526782242,-2.2006434705662907,33.00896615045755,-0.01837347141303284,-0.03024772778933371
544,TIP,USMV,-2.836613141100522,-0.06723341073834815,-2.216187295260296,6.648395929336584,8.888509252156285e-05,-1.647033394728364e-05
55,DUST,FXI,-2.0392608731213815,-0.06755954834617159,-2.226817043709498,9.034728987892453,-0.0028005176441014456,-0.005778967126859427
188,GLD,INDA,-3.6327799568029517,-0.06844410012975902,-2.2556412752034465,7.0520537121769475,-0.0002469693802816157,-0.002264419940590525
320,IVV,XLB,-3.076213126308021,-0.07265411739414106,-2.39271355250818,7.654250944155872,9.614360326241576e-05,-1.319553307390472e-05
51,DIA,XLB,-3.128845524370859,-0.07986363308830563,-2.626999013471769,8.318088952896478,0.00010567618023735954,-1.6969702889262906e-05
360,JDST,JNK,-0.2806666103572656,-0.07994623282502382,-2.62967997131218,24.300556421035672,-0.004830924532955832,-0.01952169431687319
54,DUST,EWZ,-2.19515585338148,-0.08082293536240216,-2.658130749509628,10.509355960851105,-0.004141429733885108,-0.006707858630397978
474,SHV,USMV,-2.353113575003061,-0.08382269459440682,-2.7554161595842266,8.159702569198672,0.0001108215871133791,-1.4658869998223707e-05
76,DUST,NUGT,-0.3610987325930895,-0.08408325435681695,-2.763861801366892,125.98411385604552,-0.3600444222516635,-1.1276617775628166
589,VOO,XLB,-2.926931408124984,-0.08440490187953312,-2.7742864968340193,8.704908449012992,0.00011169761875158053,-1.3543614323596009e-05
470,SHV,TIP,-2.092747851781236,-0.08767016384949719,-2.880051402973277,8.393702241516111,0.00011586917119740678,1.8405554121769836e-20
391,JDST,VCSH,-1.451033217354601,-0.08771796982372963,-2.8815990285623148,12.599252328311833,-0.0004962942116782946,-0.005897055678651546
372,JDST,SHV,-0.25474545294791645,-0.08805843183506322,-2.8926201118845323,28.64984582967357,-0.0001170287192433634,-0.018811902576863847
373,JDST,SHY,-1.16775749421979,-0.08867386879817753,-2.912539225646304,13.277340594277389,-0.00021121175848269505,-0.006049649222907458
402,JDST,XLV,-1.9594771387001624,-0.08936646016157601,-2.9349506174995597,12.818778367990307,-0.004103909740643931,-0.009505883411881525
115,DUST,XME,-1.3647303510364026,-0.0911817837004592,-2.9936676736145493,13.515003830878733,-0.004039128501675304,-0.0063352873721669225
318,IVV,UNG,-2.6525619376542857,-0.09399951616951761,-3.0847375292714547,9.685762279970536,0.00012349091496618157,-6.995729299195949e-05
525,SPY,UNG,-2.6799378808070307,-0.0951568095512969,-3.122116782964348,9.686589457916064,0.0001250186417518836,-6.974380826700313e-05
333,IWB,XHB,-2.534184235569079,-0.09833025960382002,-3.2245416412459287,9.71764648584744,-0.0012596751819700562,-0.002645020980983823
18,AMLP,SLV,-3.62070830478333,-0.09833567872847611,-3.224716453845539,9.408814597942278,-0.0015175143501972431,-0.0027468736322135132
397,JDST,XBI,-1.9645374123953379,-0.09859163116422065,-3.2329727248195885,19.001967655597422,-0.0078050956440572925,-0.012335399913268985
458,QQQ,XHB,-4.127895057014371,-0.0988722376867784,-3.242023454538004,9.74121456098821,-0.0011319327610537586,-0.002734022786746298
431,LQD,USMV,-2.0038734393880593,-0.09932209259245674,-3.2565313835711396,9.491556354904152,0.0001313635785260638,-8.2770730976743e-06
289,INDA,TQQQ,-3.130829886831307,-0.1071662375339887,-3.5091575635722605,11.711402311044427,-0.0019365360000622835,-0.003387271257743332
593,VUG,XHB,-3.004346062034039,-0.10861821565384962,-3.5558471279514086,10.651628245890294,-0.0013514026566855367,-0.0026567079733702064
87,DUST,SPLV,-1.9326883055893713,-0.10978324706898743,-3.593293345778206,11.635889255437684,-0.0014833186439400683,-0.006260447532838406
420,LABU,TQQQ,-2.762848178148029,-0.11411503291662574,-3.7323972960232634,14.320993126945735,-0.0019281564638236658,-0.003137648377201275
590,VTI,XHB,-3.0651898439061585,-0.12206444511225352,-3.98714990969925,11.848062775815785,-0.001575935568383938,-0.0027941258970589807
237,IBB,RSX,-3.3535843395885867,-0.12293795408276315,-4.015101868733302,11.763027243305013,-0.0013799652024051715,-0.002809519269685563
47,DIA,SHY,-1.3784779893657528,-0.12609026002660662,-4.11590681975004,13.804814066314737,0.0001652957505885676,-9.806077283666387e-05
23,BND,INDA,-3.0530806434555675,-0.13224479357209007,-4.3124124733764795,12.765945077313559,-0.0017003739554607912,-0.0030977493410303866
303,ITB,TQQQ,-2.192139945621827,-0.132462498540482,-4.3193561091687585,12.704041985379575,-0.0021630602535558817,-0.003640471054606709
57,DUST,GDXJ,-1.9300056794967924,-0.136662003693598,-4.453199526983349,19.32691792887184,-0.006140095955183914,-0.012888978701564763
493,SHY,UPRO,-1.3950278494159007,-0.13991576137164946,-4.556772062059325,14.288576898756085,-0.002693842633405005,-0.0049863104829910515
53,DUST,EWW,-4.920353688313426,-0.1432474686051457,-4.662709523373038,16.160829099177406,-0.0045282890995299785,-0.011531942011094438
481,SHV,XLP,-2.7845496922157382,-0.14504860413841256,-4.719930804947927,13.501974953079154,-0.0013527480861147047,-0.003917415587804175
270,IEF,SHV,-3.018175733410985,-0.15176408186723261,-4.9329759935099275,14.080904444122279,0.0002005197309163473,-1.8405554121769836e-20
434,LQD,XLU,-3.010268159421833,-0.15686709445230468,-5.094547943912805,14.5182338722229,-0.001796459535641663,-0.0038622218432289635
49,DIA,UNG,-2.1838320264933087,-0.15727869717083273,-5.107568164722474,14.832928167630657,-0.0005937957453406243,-0.005196962720352985
489,SHY,SSO,-1.36086131427227,-0.15828428980932427,-5.139370544685547,15.150446053499776,-0.0025997276512418725,-0.004606234588428994
367,JDST,QID,0.3007447980418699,-0.1737396402188638,-5.626815284475948,86.40656234211997,-0.1149131597583571,-0.17635979563578189
368,JDST,QQQ,-0.5647824028636378,-0.17427251788816156,-5.643576916687099,57.173421496602565,-0.030342892743482383,-0.06140058992350396
404,JDST,XOP,-0.49847087201307205,-0.1792701985424592,-5.8006338170770055,78.72495643460294,-0.04562331715531889,-0.08810110239193185
482,SHV,XLU,-3.4850554739322734,-0.18466868961751215,-5.969992870024364,16.862031705093305,-0.0022684683282788516,-0.004036047419622282
382,JDST,TIP,-0.5612277815262326,-0.18525926094720435,-5.988501523631803,31.377876672562873,-0.0028914522999566906,-0.024140582280225614
399,JDST,XLE,-2.206293678550315,-0.18608168108245937,-6.014270307773417,23.06474659275248,-0.0070869781232544915,-0.012273845131463056
316,IVV,SHY,-1.610813571865511,-0.19471499276744222,-6.284350872557873,19.453912831878608,0.00025587264824317537,-8.705254235632914e-05
390,JDST,VCIT,-2.751201215697224,-0.19630121040667745,-6.333888913624131,18.85810704791874,-0.0015164405917323595,-0.00947390910574875
10,AGG,XLU,-3.061447863485699,-0.20731871730573698,-6.6772470443155925,18.723943215560976,-0.002731677252696021,-0.0041794691437633865
396,JDST,VUG,-0.6260472078017065,-0.2105049287082696,-6.776309769067599,41.74753246755341,-0.019386779692020996,-0.0410829319724222
347,IWO,UNG,-1.7219231828855417,-0.21564472470040105,-6.935889944915428,19.66150862394392,-0.003352272360164729,-0.007006727020017592
80,DUST,QQQ,-0.9140319080679509,-0.22114812382296517,-7.106456428382499,130.12408800047928,-0.28030731628552136,-1.3334259924257446
469,SHV,TBT,-3.2017551903278854,-0.226248324065521,-7.264247487197374,20.49594623980424,-0.002609868311736023,-0.0047214448074302745
388,JDST,USO,-1.0679076545221753,-0.23608743864688803,-7.567895175870188,28.84506577302318,-0.013754787375541703,-0.023458086884202343
499,SHY,XHB,-2.4506533710488285,-0.2399728370416877,-7.687529538524715,22.400288343119698,-0.003170531756251609,-0.004667243574369366
109,DUST,XLB,-2.0103409124353724,-0.2499156427859318,-7.992971421239628,24.577045779997633,-0.004019194593924791,-0.012165683807889882
392,JDST,VNQ,-2.8617568949673498,-0.2596158465669644,-8.28998661997618,26.272381886962897,-0.004869023794199087,-0.013646849187242857
337,IWD,XME,-4.52418584538037,-0.2615581153688618,-8.349342569637892,23.176329238583214,-0.0027119807945698965,-0.00381658064599623
128,EMB,XLU,-2.808152158166845,-0.2617449254850248,-8.355049481938217,23.029266860580428,-0.003029778937264495,-0.004739048634537407
334,IWB,XLB,-2.069661005437876,-0.27910084232100424,-8.883712814490066,24.835327027685306,-0.003388461784011013,-0.004603678694462878
112,DUST,XLU,-5.07382424482351,-0.2820386599449817,-8.972896817748536,24.78791669158941,-0.0031409606674502977,-0.013036698007916993
275,IEF,XME,-3.3009336958794444,-0.28436428029972305,-9.043434301645977,24.95129260199648,-0.002963122642221776,-0.004794901750922383
332,IWB,UNG,-1.5342997960840457,-0.30346208707007627,-9.620618831404505,26.415714670514365,-0.004087556644128016,-0.008151320879408182
99,DUST,USMV,-3.072429762032417,-0.30562883537088176,-9.685871720994967,27.412211569864326,-0.001999318919716903,-0.012396468612219368
343,IWF,UNG,-2.2513932191278694,-0.3106808415624056,-9.837832912019428,26.944988912007442,-0.004268837653791604,-0.008084322198176414
473,SHV,UNG,-3.203239941792068,-0.31330034343706203,-9.916525206487576,27.13610622514157,-0.004138331117758599,-0.007995595351330922
395,JDST,VTV,-1.3085484994471974,-0.3155126257921636,-9.982930746101681,29.39772871095218,-0.005128375634076405,-0.017423221689452026
456,QQQ,UNG,-1.4770060712152493,-0.3260732574462826,-10.29925269650724,28.060871925598956,-0.004489772536615246,-0.008708360200979207
416,LABU,SLV,-2.0480125593565024,-0.32648570907825086,-10.311584255330587,31.421924360231536,-0.006300965484787677,-0.009683516562406557
485,SHV,XRT,-5.658932235308918,-0.32951865300264366,-10.40221174813464,28.07301314888008,-0.003976631420673661,-0.005523813396588164
225,IBB,INDA,-5.0271068461748865,-0.32961512991840974,-10.405093074560813,28.198100871422888,-0.003012251886175657,-0.00485625924824514
297,ITB,QLD,-2.387634722201695,-0.336980642168744,-10.62479405732916,29.30106036582371,-0.002988767390854353,-0.004568287893506884
558,TIP,XRT,-3.5441769332979285,-0.3457963178401007,-10.887042828148886,29.23433905448913,-0.0038476591615435973,-0.005861775198289255
111,DUST,XLP,-4.237526426526567,-0.3473535076122242,-10.933286087346142,30.294505270764954,-0.0029007961711540516,-0.013976103550546305
226,IBB,IVW,-2.840504802405999,-0.3499470840625322,-11.010253256416211,29.527462006378205,-0.003223488480382578,-0.004198929809463551
312,IVE,XME,-3.8457688834168566,-0.35214332242933516,-11.075376980987372,29.82679166016563,-0.0032179892177631774,-0.00455097203356475
411,LABU,QLD,-5.077248825766909,-0.3645839365496887,-11.443372412365951,32.64408890763741,-0.004712148264267623,-0.007237844565867241
119,EMB,FXI,-1.5048112056237033,-0.36635002363741814,-11.495489975673314,31.107431490796984,-0.003401798962978231,-0.005819108056041761
159,GDX,QLD,-2.146859336003492,-0.36819780491519005,-11.549985516850823,32.3542232555294,-0.0037501724778644576,-0.005884927157698981
385,JDST,UCO,-0.8561860066199865,-0.37001911844106367,-11.603667622458449,74.05045880500019,-0.05736841584861459,-0.09672755590139925
285,INDA,QLD,-2.0496209476654634,-0.3705357448991128,-11.618888939831866,31.922738821154546,-0.00295912958284235,-0.004979382297348033
114,DUST,XLY,-0.8107090373836037,-0.3749754816625942,-11.749588493365923,83.01065104610959,-0.03922012866601581,-0.0758684245099882
430,LQD,TIP,-2.6249094073645614,-0.37499893745443563,-11.750278485095944,31.27099909324652,-0.005933262478876891,-0.008341207020557035
560,TNA,UPRO,-3.6463811260290067,-0.38187127121720443,-11.952207622959907,31.95500109354986,-0.0024233965076706637,-0.003751300382839567
73,DUST,JNUG,-0.8858982689492629,-0.3839507879532661,-12.013218760843706,2373.173710236474,-0.3556018462309076,-1.4160316941825806
592,VTV,XME,-3.7515161305766034,-0.39065886351733914,-12.209739625225732,32.48232382232405,-0.0033301443579166214,-0.0047098806982435884
234,IBB,PFF,-3.7199098875948504,-0.3979963403904828,-12.424196924134872,32.83355143127438,-0.0038225119461260146,-0.005901981600486838
363,JDST,LQD,-1.2682548964550464,-0.39983500356465584,-12.47785461407357,39.76345447892799,-0.003879200595817391,-0.031616650235982785
377,JDST,SPXU,0.32772278909336056,-0.41527773279292485,-12.927223971148576,99.6248036272595,-0.23024531826948197,-0.37255752257225516
125,EMB,SHV,-1.9788490327007666,-0.41811547837373564,-13.009548490798178,34.17137937850953,-0.006146383760798623,-0.008714166629425701
403,JDST,XLY,-1.4923404165893297,-0.4190895791694467,-13.037789728259536,36.77411739440079,-0.004420042032715507,-0.017699262126976634
317,IVV,TIP,-1.734598469843253,-0.42005374445524907,-13.065733885661471,36.794204689025825,-0.00585343411765154,-0.013015644504369359
239,IBB,SH,-1.4759203327114672,-0.42498842235798656,-13.208613876318879,36.53287856216419,-0.0052659339103493805,-0.010401000603389846
163,GDX,SLV,-186.05946294170917,-0.4445872651297396,-13.773769377503928,35.89111788535121,-0.0019615022661567437,-0.002757567011162429
179,GDXJ,SLV,-7.3733776847034,-0.45121417772295286,-13.964030390813214,36.6318762696265,-0.0022747455130961184,-0.0039023231167082963
61,DUST,IBB,-0.9516263928285702,-0.4631266613817448,-14.304987030091542,86.63686986891676,-0.05317014667269988,-0.09560713900299489
437,MDY,VTI,-2.0437549143627174,-0.46934008871967786,-14.482289935695,55.17653362349,-0.012142502053218623,-0.021598109013155557
394,JDST,VTI,-0.7199574163107325,-0.4797677586249259,-14.779024079854846,51.19948522917507,-0.015043064595887234,-0.04077630859292793
203,GLD,XRT,-4.423862371676178,-0.4880439638769379,-15.013802181824836,39.27902403482979,-0.005137426979364471,-0.00767739105243444
376,JDST,SPXS,0.43782761232841755,-0.49070952556186526,-15.089280629000305,131.78313790624458,-0.6724723747018067,-4.955706378912048
503,SHY,XLU,-3.183366582249361,-0.49872780615333373,-15.315923603964348,39.26972246780398,-0.004152620352147431,-0.005642411389306784
261,IBB,XHB,-3.8745816708426033,-0.500313835833503,-15.360682257696917,39.827072686377925,-0.004018146221065139,-0.0056122921876492395
561,TQQQ,UNG,-2.667980887230734,-0.509910569883735,-15.631003334787714,44.9926428903361,-0.006893397008918128,-0.013398637933948153
267,IBB,XME,-4.323765373520048,-0.513146109845468,-15.721947370542486,40.20436480669211,-0.004057028758792164,-0.005980836693409958
582,VCIT,XLU,-3.858783988136363,-0.515637751766928,-15.791915220379337,40.28803409576411,-0.004304652160548045,-0.0056305397413441635
148,FXI,IAU,-5.291377222639559,-0.5209940652636695,-15.942129381798336,40.60701506099683,-0.0035879405366760677,-0.004927576586489654
46,DIA,SHV,-1.865269702087595,-0.522794863228553,-15.992571321773823,43.617236971282836,-0.006709825023726742,-0.014345182821837374
40,BSV,XLU,-3.7015638727836753,-0.5396838945569893,-16.46417727983604,41.70675086135868,-0.004254865789210965,-0.00566130904466042
585,VCSH,XLU,-3.4109377955551916,-0.5412585127224792,-16.508011449791105,41.79846824150086,-0.004280470724803036,-0.0056900531481043175
524,SPY,TIP,-1.8785287212375148,-0.5457125291150886,-16.631877705201124,42.05712236557001,-0.0059122970323426186,-0.014490272746701128
48,DIA,TIP,-1.7412677579209275,-0.5669174569785436,-17.21907169921357,45.74719877090443,-0.008494747117447347,-0.017244171991266613
28,BND,XLU,-3.6344881523259662,-0.5677644267236271,-17.242439381018674,43.32088735008231,-0.004437913250403473,-0.005851037904909473
113,DUST,XLV,-4.8723553726326285,-0.571678367527495,-17.350338378444345,71.67492280856871,-0.023732819228689847,-0.04795235850976633
304,ITB,UPRO,-2.2965701931122013,-0.5862704256483312,-17.751371825905114,44.64854748162733,-0.003952721751107812,-0.006177120396513516
492,SHY,UNG,-4.194252176539984,-0.6002041267701853,-18.13249533148947,45.30953123176013,-0.006425530088654268,-0.010069423668155305
566,UNG,UPRO,-2.74703470424807,-0.6104568406782336,-18.41180581246731,46.34661047063203,-0.006541958589937085,-0.011505292832645123
127,EMB,TIP,-1.817007736421021,-0.6128813268657693,-18.477715659252382,45.82124490852357,-0.007263637594687068,-0.00992572125365931
406,JNK,TIP,-1.5910249833278718,-0.6425203686931167,-19.27916424406508,47.403487393188435,-0.009775402738852329,-0.01506051761971519
13,AMLP,GDX,-6.870581650864534,-0.6667604506919015,-19.928762881752764,48.66310290336604,-0.004678639909004373,-0.007416932302798026
591,VTV,XLB,-2.6486854986782626,-0.6676792652767596,-19.953282666869026,49.073014535745756,-0.004848409385374088,-0.006171976222242765
39,BSV,UNG,-6.487032505758211,-0.6703422638732844,-20.024305905046376,49.01398845914306,-0.006426836860684177,-0.011144322873925826
253,IBB,UNG,-3.193895058580145,-0.6708439307554876,-20.03767850595293,49.7218833859835,-0.007322699328783647,-0.012106491774533046
600,XLV,XME,-3.9917281499869026,-0.6710117761640455,-20.042152150311786,49.00981908761099,-0.004330729960951656,-0.006393007397534722
146,FXI,GDX,-8.433088728042115,-0.681601316927982,-20.323893568802216,49.425861378399226,-0.005303884613937198,-0.008146459392509246
0,ACWI,XHB,-3.1835513177838317,-0.6870443012820269,-20.468321109941122,49.91675876994326,-0.0034797086903679874,-0.0054516691865999735
353,IYR,TBT,-6.626853296700855,-0.7361505380396097,-21.759558131963214,52.104591304779134,-0.005830398926690023,-0.008118212123685192
248,IBB,TBT,-15.236281781806763,-0.7535766681355693,-22.212716763831324,53.034144492314056,-0.005794049687617704,-0.008277563335939776
105,DUST,VOO,0.47750877885928933,-0.7640555422180102,-22.483950499448586,128.49810454098028,-0.3620701123030132,-1.7568963151685248
281,IJR,UNG,-6.430335897553406,-0.7708163746388456,-22.65844481132997,53.88781642746555,-0.007222585555414841,-0.013759698508793976
243,IBB,SPLV,-2.8609497634314485,-0.8017619569816692,-23.452137382124988,55.146203712844915,-0.0059874227921690795,-0.008393353731002001
31,BSV,EWJ,-1.7051703798583988,-0.833035592870562,-24.245969186646633,57.04627809659726,-0.006556885815953505,-0.010323941254794142
110,DUST,XLE,-2.348720322226222,-0.8384282062130413,-24.38201760636365,65.19981272297223,-0.015408913871231044,-0.034049340682468274
302,ITB,SSO,-2.362526053455101,-0.8457101550368948,-24.56534378036756,57.140039791658694,-0.004244580726855976,-0.006677349787528163
108,DUST,XBI,-0.9412997016909312,-0.8798299575904739,-25.418421966918135,65.6023513452301,-0.016833580068081,-0.032043806782351913
383,JDST,TLT,-4.179392321809175,-0.8869711158657598,-25.595743787043588,64.6592379150808,-0.02359722838934599,-0.058660515379942386
330,IWB,SHY,-2.022781546859535,-0.8899178723168285,-25.66879164612293,58.93105196571344,-0.007301972958313482,-0.014857029612107851
506,SHY,XRT,-2.598118948010586,-0.9000352406396864,-25.91904815698326,59.80064738894563,-0.005604533071549648,-0.009191327048387743
68,DUST,IWD,-1.2316514988979592,-0.9046410906515772,-26.032696144704747,98.01120945800153,-0.07446379849638084,-0.16153472543953826
521,SPXS,XLV,-0.8868105657547505,-0.911220349235898,-26.194735070043773,61.884653466683645,-0.01697956104573916,-0.038851210318084035
106,DUST,VTI,-0.2424355793444164,-0.9172514525034418,-26.342961749879446,127.16690363339652,-1.6975703857545827,-4.1596148643484065
341,IWF,SHY,-2.528882732248215,-0.9220644018819413,-26.461036208977724,60.23028137626648,-0.008528824613741872,-0.015921229168765986
72,DUST,JNK,-1.2738400148948943,-0.9704010525631621,-27.636417516785777,84.83472042681854,-0.04177833438081646,-0.07057183438103412
421,LABU,UCO,-0.96668109026748,-0.976791997808984,-27.79041066273418,151.49249617794024,-0.4081668177238805,-7.422186849202507
441,OIH,TIP,-2.003747384089456,-0.9999638543243592,-28.346005620475573,63.937951910400436,-0.01203439146898558,-0.03115203837247731
273,IEF,XLI,-1.6278035817621168,-1.0032507854231945,-28.424469875686814,63.622361313781234,-0.009983629861397786,-0.013868426580390046
487,SHY,SPXL,-1.2183019775989767,-1.0074501975943837,-28.524591501463664,64.54966023413719,-0.009999500322099595,-0.01919786990773341
502,SHY,XLK,-1.442757814271774,-1.0147831980171624,-28.69908788448669,66.06657213473065,-0.009572012054920441,-0.017358304447202415
191,GLD,LABU,-1.1662555441521252,-1.0172002148241002,-28.75650991735524,93.44537017083745,-0.07442578456800268,-0.14686014504611425
435,LQD,XLV,-2.1771625058623427,-1.0432665958666079,-29.372848407256246,71.4637253949915,-0.014532272080706784,-0.03314269967627228
254,IBB,USMV,-2.569755329233815,-1.0686526502077827,-29.967975105700155,65.65290186462383,-0.007519376928558139,-0.010803385381171435
194,GLD,SHY,-2.888489005074748,-1.0812551304393363,-30.261550447503062,66.08304436569207,-0.009228161486702696,-0.013716246679091023
300,ITB,SPXL,-3.354198139830974,-1.0822094667596145,-30.283731564384368,97.27174134766109,-0.030581014050020956,-0.10312240828558894
268,IBB,XRT,-5.057436829497948,-1.0881693407528248,-30.42209414001002,66.34001878966772,-0.007470263929671444,-0.009968806818026196
62,DUST,IEF,-0.9931273766170041,-1.0964288383771679,-30.613390200335743,76.29747676902866,-0.03441663876548882,-0.05494512174994782
42,BSV,XRT,-2.9478120070924256,-1.0985980667996347,-30.6635438677291,67.05161981434006,-0.006463488091301446,-0.010851942463268769
107,DUST,VTV,-4.17856118047473,-1.102532078355859,-30.75440775134423,93.66397960047466,-0.05521081850686179,-0.11226687389286824
326,IVW,UNG,-4.661912027282456,-1.1105833817093143,-30.93999768949589,67.7149044014069,-0.007629697929718301,-0.017185872466838687
479,SHV,VTV,-2.3720645967103833,-1.1148448477692425,-31.03802700023052,76.44575740627148,-0.01972350991522307,-0.03558181952744278
103,DUST,VCSH,-2.3262700703438637,-1.1191176625594066,-31.136177666432967,71.38508507957864,-0.022552852967823264,-0.040915266991721516
264,IBB,XLU,-6.499376253263324,-1.1483916911845686,-31.804883576414838,72.9603035705567,-0.011283530929911908,-0.020179976011927708
132,EWJ,XHB,-2.3708034778151434,-1.1776968590814962,-32.467796952627445,69.36064308097787,-0.005626277480899394,-0.009663431257046665
454,QQQ,SHY,-2.784429844060246,-1.1780954903414889,-32.47676983886571,69.21354884452813,-0.010453705806987257,-0.020328828318115635
501,SHY,XLI,-1.8399567428652228,-1.1824409322952247,-32.5745051303362,71.35334844009418,-0.01023044835483914,-0.018022297402442083
412,LABU,QQQ,-2.1800780724255784,-1.2186050797588701,-33.382420928836595,158.5825204686547,-0.38512434926040107,-4.337654590589526
564,UCO,UNG,-11.71610485451293,-1.222777145893955,-33.475000854201824,72.90292115244571,-0.014261114236128202,-0.02894298212511219
446,QID,XLV,-1.0457180800024708,-1.229723081701601,-33.62884880703056,79.80897794149548,-0.022249368323324095,-0.04789459728003428
6,AGG,IYR,-2.8438228954729103,-1.2605772060185245,-34.307958515055205,71.78595246472658,-0.010611785304224899,-0.02293826035259145
339,IWF,LABU,-0.1320828123144353,-1.2688791968443829,-34.489498783506605,127.71441053743288,-0.36863011136986146,-2.8209259498510177
358,IYR,XLU,-6.860931697840428,-1.2954212768048234,-35.06653737261627,77.46196983451856,-0.009174632251340666,-0.019655427945608796
551,TIP,VTV,-2.256920530633959,-1.3101202057894619,-35.38391001666872,75.58759726367417,-0.0191645871858947,-0.03765660541381113
123,EMB,LABU,-0.9451241008175979,-1.3109064412412987,-35.40084228468156,109.6910899424727,-0.15061400233856656,-2.175109015046285
79,DUST,QID,0.14298343926818552,-1.3178800497562781,-35.55083096885048,208.90215191664842,1.4530114952694573,-32.727119978676605
555,TIP,XLV,-1.9944129093868572,-1.3237180739395247,-35.67612761762988,79.71245504863033,-0.016265368512642923,-0.038525605526842976
153,GDX,INDA,-3.1279529542628013,-1.326337858066003,-35.732274651817306,75.24077537620292,-0.008219484256180395,-0.012913906228832633
100,DUST,USO,-4.135594549820297,-1.343004558402499,-36.08832833592415,110.25888973564524,-0.517756204296757,-1.84433703683137
345,IWO,SHY,-2.6117755895456165,-1.3617733169485438,-36.48692774437343,74.37939606361388,-0.010752256908521902,-0.021338334345101104
523,SPXU,XLV,-1.0498044178002781,-1.3641838375607775,-36.53794043704382,82.12145186769652,-0.025910282768889275,-0.06064193189392659
263,IBB,XLP,-8.672291025109663,-1.3693494324076765,-36.64711951021018,77.54381192169186,-0.012333523656038129,-0.02473179175409789
484,SHV,XLY,-2.151345988146511,-1.3917758483303513,-37.118946431092084,83.36075571414172,-0.02109354018937668,-0.05197616169352338
131,EWJ,VWO,-3.0487415412230243,-1.409292056939228,-37.485022564073404,75.6766008557195,-0.006766699981680988,-0.00984917420305918
137,EWW,UNG,-5.394999502269394,-1.4101273347590793,-37.50242593253994,76.1691537880659,-0.00980275416454223,-0.01970908481753929
200,GLD,XLE,-4.2820742229569335,-1.412024849788634,-37.54194346240591,82.07820431328041,-0.02464132649368555,-0.04304481117671819
274,IEF,XLV,-2.372961223172377,-1.418978265268106,-37.686541428431106,80.06025820684461,-0.017438202059942346,-0.04154835919366515
410,LABU,LQD,-2.2080537516658536,-1.439464559499955,-38.110615777463835,193.9480381312988,-0.5642771144349583,-5.337221246008998
205,HYG,TIP,-3.0760821785486523,-1.4405681860023773,-38.133379178373886,76.32068221168524,-0.01382663410962801,-0.02072414613261833
104,DUST,VNQ,-2.073989144278942,-1.450324318564045,-38.334245373102924,84.8736276101351,-0.02905652612478207,-0.05074560993074311
559,TLT,XLV,-3.4234185251153018,-1.4595242765541359,-38.52306315651281,82.53980137250684,-0.019736528834176627,-0.0426183558140633
432,LQD,VNQ,-3.198964449323806,-1.4774962322469842,-38.89024914502694,77.23947783959068,-0.01686900469166078,-0.02552898463069721
102,DUST,VCIT,-2.13221892774187,-1.4868683727529597,-39.08086097362731,81.04766578288418,-0.026188317078109247,-0.05225185711668303
409,JNUG,XLV,-1.8278652381308051,-1.5309371056169938,-39.969196782100354,89.61279161353687,-0.040765110119797214,-0.10685501656917754
548,TIP,VNQ,-3.930269393256188,-1.6139772374363377,-41.60806543637533,80.14383494923563,-0.020572153413707238,-0.030538373692915104
554,TIP,XLE,-6.090085194014401,-1.6164376062413128,-41.65593436924157,87.88893262570582,-0.026957052192946928,-0.05005689142698415
11,AGG,XLV,-2.120531430566152,-1.618504988371172,-41.69612701161532,82.29707065797531,-0.021180093502072374,-0.04571243423755413
414,LABU,SHV,-1.4132916140296568,-1.624660746541584,-41.815639202496804,149.08301362673697,-0.6989449642535026,-4.632520947958023
294,ITB,IVW,-3.3947808433597615,-1.6501694840115084,-42.308278328825445,82.62700547723762,-0.011916829433323395,-0.02527682261207141
70,DUST,IYR,-2.417601444920485,-1.6589313197812987,-42.47652764393713,86.0227278502925,-0.031326034106341605,-0.057400649424355465
85,DUST,SHY,-2.3010423857117637,-1.6978341200682443,-43.21765333325483,84.8458137950301,-0.02673023763467106,-0.05523621909336481
201,GLD,XLV,-4.641490643925694,-1.7209864912255393,-43.65418204260426,115.33146866926617,-0.049581312648142084,-0.6724091882032395
59,DUST,HYG,-2.091481033559972,-1.721892333854175,-43.67119295555705,86.57520028051825,-0.02948551251031557,-0.06043784047547584
1,ACWI,XLB,-3.6318656140558403,-1.7643386366197527,-44.462564487174426,82.9898451383887,-0.015803150329863236,-0.02823873032295185
541,TBT,XME,-4.875302687125461,-1.7651887873095875,-44.4783006537546,82.92574300974046,-0.011860605013698877,-0.017625883767031284
272,IEF,XLE,-3.00160136383821,-1.8219808092758667,-45.51947765842617,98.43878819361505,-0.046921347058828715,-0.12411739410279567
208,IAU,INDA,-3.0104105093716003,-1.8654804832253542,-46.303739713294675,85.22194743234024,-0.010038064631923745,-0.01782511857068137
361,JDST,JNUG,-0.9847625968291152,-1.8867657191495284,-46.68337055488508,2662.9111706763733,-0.5342220446467693,-1.413955275404062
262,IBB,XLB,-3.000570036039049,-1.8971841615209601,-46.86820815956548,85.06349597218315,-0.01322294686202004,-0.036380904582120545
129,EMB,XLV,-2.2143498094957033,-1.912604289184908,-47.1406071596715,91.93246558537902,-0.028455711431601187,-0.07707755448461395
328,IVW,XHB,-2.9854441952806945,-1.9214767466182967,-47.296707118494794,85.41764895238026,-0.009354268500741558,-0.018075498266545486
578,UPRO,XHB,-3.518636414858165,-1.931094108574981,-47.46539213786467,88.02528496584502,-0.015142392732492854,-0.02625395430628763
14,AMLP,GDXJ,-3.5543345693552677,-1.9337268462327715,-47.51147519429274,85.5391739774706,-0.013240241139512391,-0.02030565627513194
556,TIP,XLY,-1.9384514051459072,-1.9562232736130425,-47.903604534098804,89.68027204067926,-0.02882678228713849,-0.0719716810132948
52,DUST,EMB,-1.37327539004426,-1.9618940643640932,-48.00198743918351,93.20700037778695,-0.05987362445038632,-0.11368760570659905
186,GLD,IBB,-1.0002399674251423,-1.9775084300155064,-48.27192301144404,113.31220245359336,-0.1748494849945583,-5.604756681970821
450,QLD,UNG,-4.082887153914276,-2.0231137175474503,-49.05233411190968,101.86806081063455,-0.008151038069392628,-0.3176105801852019
571,UNG,XBI,-2.1741179020923465,-2.049115788581343,-49.492007565194925,157.80020359246495,-0.33183656370724596,-2.4699781173951614
531,SSO,XHB,-3.7895150502349284,-2.059346191546476,-49.6639532581332,89.7932808110526,-0.017092758214226095,-0.031631224890747295
94,DUST,TIP,-1.0783703791803956,-2.0666591463641244,-49.78650557269879,94.37017612619094,-0.047047602326433784,-0.1091065782969235
601,XLV,XRT,-3.3267314083939206,-2.072595571230436,-49.88577020644892,87.41413177909855,-0.01128863112570925,-0.01880656338308035
172,GDX,XBI,-1.1006213727239726,-2.0761008066858726,-49.94429007050574,129.4103211621619,-0.2656963964646767,-4.107424406578261
75,DUST,LQD,-1.2963566373427262,-2.0910310487446817,-50.19278582919673,94.31366414916072,-0.05839269335594677,-0.12096808628052379
118,EEM,FXI,-3.2707875332977308,-2.1356319390744543,-50.927790678453476,88.23858138116168,-0.01464223297076775,-0.029327406284569892
150,FXI,VWO,-3.4920218055029144,-2.1404459876316135,-51.00647286441925,88.28229138851533,-0.016408543422309844,-0.03265705019157331
424,LABU,VCIT,-0.9557814888711988,-2.177864780086363,-51.61377047509177,151.54763133215855,-0.6479783867356964,-7.073935340882161
151,GDX,GDXJ,-3.1184145217130195,-2.2008463134243907,-51.98301760746511,88.92905761680626,-0.007378121687762979,-0.015581912822595754
84,DUST,SHV,-1.2467084749077852,-2.2237057924351538,-52.34750823330535,95.66996094748323,-0.04848526165223174,-0.1174282107846233
306,ITB,VTI,-2.87979575933744,-2.2376082250526492,-52.56782586579741,112.79216902580275,-0.7969805028342396,-15.384013511399118
183,GDXJ,XBI,-1.6392786834023643,-2.2900481099007273,-53.38973405952253,102.77783006275077,-0.07121434410560822,-0.33260311716029256
498,SHY,XBI,-1.0520431358490085,-2.3127086266660184,-53.74047862062524,119.8291515377105,-0.20826410229722314,-1.7021105910087029
133,EWW,IBB,-2.1098385295589237,-2.331974661670122,-54.036605922442284,115.74435343910763,-0.5571480346513433,-2.677996792677574
445,QID,TIP,-2.041156816759155,-2.352556771572969,-54.35086787024977,107.42494057543561,-0.1342665196342168,-1.4344271812366123
157,GDX,PFF,-4.909004174231778,-2.3968943657599815,-55.02056445631393,93.33614492619175,-0.019449648016891405,-0.03315184745923726
313,IVV,IWB,-2.142556270184417,-2.4405419215645883,-55.67024100487499,91.3434604312751,-0.03358769882585283,-0.06511294092289997
433,LQD,XBI,-5.822995187932053,-2.5383815353568244,-57.09265568069261,108.02851834135043,-0.03470958636385632,-5.996337679565387
478,SHV,VNQ,-2.5903074820258105,-2.5890174540558957,-57.8107956185548,92.51168860353823,-0.02339402669811519,-0.059073736798408286
164,GDX,SPLV,-1.6720414492223392,-2.7221449837509804,-59.64204501956313,93.7107320071781,-0.021384023933602926,-0.04841937220346362
580,USO,XBI,-2.1113840702691125,-2.7336245660950973,-59.79618075166244,120.60675126013649,-0.34598481319222874,-2.234657035648572
252,IBB,UCO,-2.098985394171877,-2.779062158107213,-60.40051420166156,220.06601252908027,-0.209117801556387,-0.9233159527149696
519,SPXL,XHB,-2.4667493944546623,-2.849387061583571,-61.317995232944924,94.22310156866922,-0.022394326077858413,-0.05455490695754145
537,TBT,XBI,-0.8967712722021111,-2.9616077170972512,-62.73823948120347,110.96365404994404,-0.6877309902201962,-10.779095549983458
572,UNG,XLE,-0.27801853277517635,-3.008531732859961,-63.3165288936974,114.72348080589049,-0.3337294524193505,-3.591100413467379
483,SHV,XLV,-1.3942972830080498,-3.0393426683860496,-63.69135151414515,107.54535148068399,-0.2388060264771338,-0.6846956295914167
583,VCIT,XLV,-2.3907848024402916,-3.0850651460366576,-64.24052970881753,108.6985900147151,-0.11890493676588564,-0.9154286081655378
287,INDA,TBT,-3.9554326012675083,-3.1917341542731963,-65.48966648959183,112.25424637641906,-0.09289948838270588,-0.37183590862525717
284,INDA,LQD,-2.745096123112442,-3.3670715224951153,-67.44883979418957,115.99729452867513,-0.20448579629936164,-3.1791763755423417
530,SSO,UNG,-3.8624923362604604,-3.413800390759137,-67.95193771534854,111.98869156645583,-0.02447646561364208,-0.8711838343898469
520,SPXS,TIP,-1.1190468430975462,-3.4682136520155296,-68.52797774919756,96.88355387321313,-0.02810698754345271,-0.09493365525522839
574,UNG,XLV,-5.990454886015486,-3.6228723260075024,-70.1093393931202,136.00715443819243,-37.07765196662332,-45.63016571360184
174,GDXJ,IBB,-3.203435824568841,-3.6337205377360857,-70.21723094215032,118.08935463624658,-0.3382698950122065,-2.5857421113220096
309,ITB,XLY,-3.6062668740500783,-3.7770036019366056,-71.60625185079031,117.9980907960892,-0.5199528247727614,-2.8576587744674775
584,VCSH,VNQ,-5.376733109012801,-3.9380269271948167,-73.09009206296199,104.2538695313619,-0.3156450193698585,-1.7488822022116521
581,VCIT,VNQ,-2.6530347599207857,-3.9771907306172776,-73.43910709514057,98.13146501489557,-0.03645715092625103,-0.077228627086395
69,DUST,IWF,-1.508761360009546,-3.990219196865774,-73.5542062189808,168.91898594546024,-1.2776075529651703,-2.040635867893268
513,SLV,XBI,0.23112144338452636,-3.9919471938574795,-73.56943458349735,114.92952597711614,-0.6024132134695886,-4.848222752585937
451,QLD,XBI,-3.349289448913635,-4.13096865623638,-74.76629416606917,126.23806867021233,-0.17442850910181174,-0.6095364267102562
286,INDA,SHV,-3.9930474966411795,-4.173557609042748,-75.12198911538994,113.22053916044204,-0.3000177948967565,-2.9190330591239735
340,IWF,SHV,-1.8822486603363322,-4.4148415097716045,-77.04452777185256,98.7903528854366,-0.018996491665591322,-0.08431107324099059
223,IAU,XRT,-2.9238284345788372,-4.444852694444048,-77.27302326831038,102.38233700819961,-0.16525184213071203,-1.060842298121629
120,EMB,IBB,0.3374728141574197,-4.52861380220376,-77.89879234794334,111.13846449107845,-0.3328763453274032,-4.853603425694331
567,UNG,USMV,-4.0053142965926725,-4.596255381266467,-78.39153666745983,114.56706315753759,-0.27377761975418685,-0.9953205087793717
259,IBB,VNQ,-2.4226659787488547,-4.725159598826865,-79.30034597467697,108.85747709657927,-0.23177091501416894,-1.3219435740613872
515,SPLV,VCIT,0.5015409087841844,-4.773776796381661,-79.63309552358749,104.18231610660558,-0.4628262412934593,-3.3394878327672104
156,GDX,LABU,-1.4298079966304669,-4.8024682529829334,-79.82695242511949,109.0999064612192,-0.6492065455986736,-3.0809770493942197
308,ITB,XLK,-3.42917685801531,-4.836680791755106,-80.05570264906157,116.05204849224086,-0.8427270586783329,-1.2796434359200874
538,TBT,XLE,-4.414951617688793,-5.763779436183414,-85.35776187957373,107.99830451229725,-0.9100948191246806,-6.141197704946371
238,IBB,SDS,-0.1247682555028877,-5.983952805687016,-86.39388599707682,153.87444065055874,-1.730288500976464,-4.0192057222733375
220,IAU,XLE,-5.103988597958918,-6.361227628753005,-88.00174795329269,103.39981692128997,-0.5012508118094953,-6.177254416422312
29,BND,XLV,-2.525658737903716,-7.82112493308013,-92.62475928048059,104.9769338859684,-0.13857777509745603,-0.9278602663395
514,SPLV,TIP,-1.3739580685632544,-inf,-inf,112.81131531143205,-0.14853968799440762,-0.6671833870709336
510,SLV,TIP,-0.7506274407588415,-inf,-inf,111.08044114265438,-5.496693084424081,-7.401492216462672
149,FXI,JDST,-0.7051302440896308,-inf,-inf,1177.5941671722198,-0.0753373081186345,-0.14761045395337477
511,SLV,TZA,-0.7174273839633964,-inf,-inf,880.4683676897525,-1.4970000703300805,-7.289274159812845
152,GDX,IBB,-2.5069282616562822,-inf,-inf,113.63522776099121,-0.3282919449820157,-5.496196524064635
480,SHV,XBI,-1.8240279343427424,-inf,-inf,102.29913427960393,-0.01430910626169546,-1.0210372674485289
154,GDX,IYR,0.4310341808646719,-inf,-inf,113.69373895552316,-0.4988601162368948,-1.5447794024974026
158,GDX,QID,-0.7053946459278901,-inf,-inf,580.9663292072393,-0.0731480742773233,-0.29755239917966597
130,EWJ,SHY,-0.780036029604367,-inf,-inf,110.45826195926662,-0.4741161711682187,-2.784915483787545
516,SPLV,XBI,-4.121067715353495,-inf,-inf,124.82969010072664,-0.05451412653375247,-3.596260518545785
517,SPLV,XLV,-1.4359603405971049,-inf,-inf,104.92370053844456,-0.8665696690667148,-2.26337417654639
124,EMB,QID,0.1220667169239386,-inf,-inf,149.2063219275416,-0.2822286510153542,-1.0827988589613318
147,FXI,GLD,-3.525400714268384,-inf,-inf,126.63526391705344,-3.7253060261592617,-4.273631180568248
518,SPXL,TNA,-2.635879907463439,-inf,-inf,114.27464052162424,-0.3458641601901817,-1.339830271761609
522,SPXU,TIP,-1.4850212556640754,-inf,-inf,134.63260118122633,-0.5686547752732,-2.3042180749542625
160,GDX,QQQ,-0.7875468381457792,-inf,-inf,154.18260388300098,-0.14421330379876882,-0.4605428045320762
141,EWZ,SHV,0.2282897729420081,-inf,-inf,120.0482878799439,-0.5536933430872913,-4.089367338490381
494,SHY,VOO,0.3953198194638051,-inf,-inf,183.6514916577733,-0.10664095535155688,-0.2696693726315714
508,SLV,SPXU,-0.7622638287815178,-inf,-inf,379.25538014858694,-0.078083930682799,-0.48852717086409553
142,EWZ,TIP,-0.5568710792956085,-inf,-inf,121.81771043786998,-0.6426801035397522,-5.790969120545086
495,SHY,VTI,-3.110571437228459,-inf,-inf,130.61889596744848,-0.187822134025391,-0.7063505780044961
116,DUST,XOP,-1.1314004822177186,-inf,-inf,180.7750957545255,-0.25177415593977187,-0.9166758890151093
496,SHY,VTV,-2.815276846916957,-inf,-inf,110.67536948687962,-0.18216046269704145,-3.072431661648767
497,SHY,VUG,-2.0804821166393,-inf,-inf,101.57727749287619,-0.17709373171952184,-1.6096489486204273
491,SHY,UCO,-1.472639117774406,-inf,-inf,102.27210827729598,-0.05275735638811656,-0.36820243428644983
140,EWZ,JDST,-0.7068052028641052,-inf,-inf,2193.862136647123,-0.08219555951039922,-0.1684042713234381
500,SHY,XLE,-2.537165636894575,-inf,-inf,102.14692052941724,-0.2931463641579384,-1.6904588518605943
139,EWZ,IBB,-0.8604574192790665,-inf,-inf,125.63782155698378,-0.9490201482034248,-3.5632289362372442
138,EWW,XLV,-0.24316270437976148,-inf,-inf,122.81295150184641,-0.14593433189691857,-1.1179490741250646
143,EWZ,XLV,-4.003679619499001,-inf,-inf,113.43137225990318,-0.42934654403862893,-4.026426868753227
136,EWW,TIP,-0.29444154308100423,-inf,-inf,115.44168585510268,-0.6799442070825655,-2.477179426315385
144,FAS,SHY,-1.1018619621140933,-inf,-inf,116.9222208395055,-0.3412611822330353,-1.3932752353197504
504,SHY,XLV,-2.2011939248671393,-inf,-inf,101.69553884582517,-0.013382810575717838,-0.5775293288217674
488,SHY,SPY,0.38627949199911216,-inf,-inf,145.63408920656198,-0.08868164982942287,-0.17986483277179677
505,SHY,XLY,-1.8027244079586198,-inf,-inf,132.75440463369998,0.004731073702972275,-0.660743933686583
135,EWW,SHV,-0.5355152314913441,-inf,-inf,119.73046102142344,-1.1182500970883693,-4.575453959336465
507,SLV,SPXS,-0.7570787232710758,-inf,-inf,452.22547128952965,-0.061988872944400385,-0.46427276964956243
145,FAS,XLB,-2.439373825330897,-inf,-inf,104.86404821165985,-6.086801012094837,-9.457197492605346
509,SLV,SQQQ,-0.6531127180718411,-inf,-inf,1535.2690787430295,-0.3174705961735093,-1.4373736422928256
315,IVV,MDY,-0.60017407491826,-inf,-inf,157.54751814446576,-0.19548730796186062,-0.8558225932730428
96,DUST,TZA,0.3967465482704895,-inf,-inf,1627.5554963378904,-0.33432136370522086,-0.9857515403910598
586,VCSH,XLV,-2.6158804001733027,-inf,-inf,108.2676977012635,-0.17598159508311814,-0.8571171806806472
565,UCO,XBI,-2.2302542091938546,-inf,-inf,182.9776338696283,-0.2723392252379495,-2.364136441366162
568,UNG,USO,-2.9042250173733946,-inf,-inf,125.41181019316383,-0.16535749450893325,-2.2474903331306426
569,UNG,VOO,0.5326785912384433,-inf,-inf,216.63688489873041,-0.3180838602738255,-3.0606257445472607
570,UNG,VUG,-1.2716198102837046,-inf,-inf,128.6868849558922,-0.34591808225510556,-4.739780439597532
26,BND,LABU,-2.4642980802175867,-inf,-inf,134.3426163952803,-0.4007185655118248,-1.4912473034280902
573,UNG,XLK,-0.8456927066640751,-inf,-inf,109.55104568285415,-0.2473124113439172,-2.6447311182351276
575,UNG,XLY,-0.8017958996434622,-inf,-inf,221.71234837256176,-0.1417543502556026,-0.48217814626661193
576,UNG,XOP,-0.8623751497135274,-inf,-inf,160.63141010052087,-0.32921771745362516,-2.6927878421995235
577,UNG,XRT,-2.151852134352146,-inf,-inf,118.4645451587764,-0.15992440147696665,-0.45055537679899105
24,BND,IYR,-2.734617909004072,-inf,-inf,101.72053784463039,-0.11761303214208729,-0.9213255540820111
579,USMV,XLV,-1.8262341371959685,-inf,-inf,106.44747483234414,-0.301186064115797,-1.8384275192623467
22,BND,IBB,-0.7307327598762487,-inf,-inf,109.77904183839813,-0.6080082716095053,-1.8863654260365046
20,AMLP,UVXY,-0.7829555252987477,-inf,-inf,2786.2784113863486,-0.8047781377142464,-2.573193950200393
587,VNQ,XLV,0.3839121941339788,-inf,-inf,111.4318064048766,-0.11074209903453062,-0.25058035195739337
95,DUST,TLT,-1.4728955832625974,-inf,-inf,118.71125940841118,-0.14270488142888973,-0.6662486837878273
19,AMLP,TIP,0.6385599370141795,-inf,-inf,113.12545359928346,-0.7893140370078543,-2.363144517401112
17,AMLP,SHV,-0.055433100479507044,-inf,-inf,118.13301739109072,-0.21422904245568192,-0.9351342351702542
16,AMLP,JDST,-0.7102961451814085,-inf,-inf,824.6566515276379,-0.09681542453838823,-0.23161049937948333
15,AMLP,IBB,-1.3840655913517472,-inf,-inf,138.18381970496887,-0.017814771993316856,-4.125421210828848
12,AMLP,DUST,0.4553382151714825,-inf,-inf,195.24416769333345,-0.07588553522566116,-1.2968142782519412
8,AGG,LABU,-1.3259324173930882,-inf,-inf,109.37646272752713,0.010186103989764963,-0.870147418938202
594,XHB,XLY,0.11317177447095603,-inf,-inf,115.4791964202881,-0.41957937343327734,-3.612648217681644
595,XLB,XLI,-2.6353338774699386,-inf,-inf,105.92908442815427,-0.39566277861550897,-2.0631660236316387
596,XLB,XLV,-3.6722265146569186,-inf,-inf,106.74870738735206,-0.35837353837491165,-1.369249170436722
597,XLP,XLV,0.5674425380784434,-inf,-inf,127.00448569469445,-0.1582121096210477,-2.766104606705953
598,XLU,XLV,-2.4447949459110205,-inf,-inf,105.71888491408964,-0.49792561029482757,-4.429823961711669
599,XLV,XLY,-4.681385342221539,-inf,-inf,109.3766353312103,-0.21224223147714882,-1.0148461655755052
4,AGG,IBB,-1.9135075665261434,-inf,-inf,109.39327084277016,-0.09667228730153324,-0.7167177059987097
32,BSV,GLD,0.24127435797505814,-inf,-inf,101.20454561576844,-0.20108983313540393,-0.6631271734591713
563,TQQQ,XLK,-2.521055050581641,-inf,-inf,100.59250239769483,-0.42146249701050875,-2.3251138843705683
562,TQQQ,XBI,-2.5932298567527967,-inf,-inf,106.15599023043849,-0.5283536261170201,-2.8919183119248815
34,BSV,IBB,-0.7425781927631273,-inf,-inf,101.69774323847848,-0.19754171247147118,-2.750026026038483
529,SSO,TIP,0.5665004193964026,-inf,-inf,120.63373620527524,-1.491591542985982,-4.448456511643061
91,DUST,SQQQ,-0.8638045470750988,-inf,-inf,608.5844491531532,-0.6567709904145423,-4.557312819839194
532,SVXY,TIP,0.6403298613336863,-inf,-inf,241.84852268812205,-0.3115681641325,-0.7082732825814703
533,SVXY,XLU,-1.4229727377830108,-inf,-inf,110.96066916855358,-0.08691350512028981,-0.7477390364837924
534,SVXY,XLV,-1.4062386660989692,-inf,-inf,140.51357573348608,-0.08103119934933065,-0.21155434212310248
535,TBT,TIP,0.5611371764108931,-inf,-inf,115.86148404779425,-0.34144390853359674,-0.9661358687214415
536,TBT,TLT,-1.3651205708664869,-inf,-inf,124.15511984968202,-0.6441352563443252,-3.3059971884693495
162,GDX,SHV,-0.5205990263597511,-inf,-inf,118.05309894661289,-0.31426697114343183,-3.8049989786445524
539,TBT,XLU,-1.241138588685235,-inf,-inf,108.42219655099998,-0.29051431664817007,-3.7013321958273893
540,TBT,XLV,-1.2040513026462352,-inf,-inf,112.52376263227448,-0.18568674093073703,-0.5686480698946393
90,DUST,SPY,0.576233305433581,-inf,-inf,156.5670870196477,-0.6022288741694167,-1.869605732078488
542,TIP,TZA,-0.5365287221508312,-inf,-inf,981.9413859992981,-0.40094710701880404,-10.966181562882943
543,TIP,UCO,-1.9012214848069822,-inf,-inf,196.48911510149048,-0.056692473334501094,-3.632368267617474
89,DUST,SPXU,-0.21057461071831787,-inf,-inf,338.30722129632323,-2.7273470660025385,-4.968984949819968
88,DUST,SPXS,0.07928449427697036,-inf,-inf,645.2557078757529,-0.5110882117558628,-2.4763469207458555
82,DUST,SDS,-0.22182577046085303,-inf,-inf,112.37527912436833,-0.24727392878369117,-0.4990263545702186
549,TIP,VOO,0.36050440409722084,-inf,-inf,186.03401048000563,-0.11837963112377668,-0.336539869510275
550,TIP,VTI,-3.78388002241829,-inf,-inf,129.27048343930295,-0.4446652247196118,-2.270825237903387
552,TIP,VUG,0.269302803327105,-inf,-inf,155.0421660352415,-0.05409232949405712,-0.5169668116938859
553,TIP,XBI,-2.5386406728343447,-inf,-inf,102.1972856915649,-4.487666984651149,-8.101163884418783
67,DUST,IWB,-1.0980447406673883,-inf,-inf,116.9601417867576,-0.5158515501443078,-1.969524726295689
64,DUST,IVE,-1.8941110545005815,-inf,-inf,177.10145881390076,-0.18332030289284537,-0.3987182043336984
58,DUST,GLD,-1.0612897126866572,-inf,-inf,116.87983632369156,-0.0872960762938378,-0.6067073753632313
557,TIP,XOP,-0.7214353394009195,-inf,-inf,103.21676491985507,-0.8547865348760881,-1.6892846878302772
44,DIA,IBB,-3.8126905721156508,-inf,-inf,111.18554603965659,-0.45890631989656744,-3.6209749672751763
41,BSV,XLV,-2.6772713960399557,-inf,-inf,106.56544917891189,-0.23009887101644066,-1.6921723954829577
35,BSV,IYR,-2.4153506600595245,-inf,-inf,100.69416070198204,-0.047615770872858544,-0.1451699786931522
161,GDX,SDS,-0.6990728187383183,-inf,-inf,489.07559626722343,-0.08524512652466537,-0.356762337088054
461,SDS,TIP,-1.4201935072303633,-inf,-inf,100.82657905094634,-0.023728062051267693,-0.18986669396106334
471,SHV,TLT,-1.1076510510280315,-inf,-inf,101.21660788383491,3.302924944745281,-65.99995670024566
222,IAU,XOP,0.18116997339021076,-inf,-inf,116.63686828092173,-0.11681099081467257,-0.5787817704418611
279,IJH,VOO,0.5403477681062248,-inf,-inf,129.6621941994349,-0.18668923970323972,-1.284075891624284
278,IJH,SPY,0.650765276501358,-inf,-inf,153.99713041585753,-0.2487377745789982,-1.3408382311753646
277,IJH,IWB,-1.508814964778531,-inf,-inf,118.03108503241907,-0.1725437686577908,-2.0282750194460513
276,IJH,IVV,0.651367039677291,-inf,-inf,154.80689694823042,-0.14686075913152766,-1.3147513820073353
266,IBB,XLY,-2.3480163299316805,-inf,-inf,113.4448725753784,0.17800216575480862,-7.815363607786133
265,IBB,XLV,-0.28039388067022136,-inf,-inf,107.61129216041572,-0.4973098727963669,-2.288133043849848
260,IBB,VTV,-0.8760336731015879,-inf,-inf,108.23150725364674,-1.3173162747010019,-6.800167318082001
258,IBB,VCSH,-1.49991647258809,-inf,-inf,111.33988371353152,-0.4736445156157895,-1.290871917817242
257,IBB,VCIT,0.3106707541185328,-inf,-inf,110.797084529114,-0.729545246961235,-1.7907743098057627
255,IBB,USO,-1.9061445514747228,-inf,-inf,127.76433867373846,-0.2802899335919579,-5.242798900210755
251,IBB,TZA,0.5565340403541039,-inf,-inf,1247.0856289787291,-0.6064812450843182,-2.0966627553873205
250,IBB,TLT,-0.3979741271188573,-inf,-inf,112.37235401611328,-1.5899195649544517,-7.530941188374881
249,IBB,TIP,0.5952120959730378,-inf,-inf,119.89032435684194,-1.3557980462049086,-1.97774971498145
378,JDST,SPY,-0.9430684755197906,-inf,-inf,226.9850607491429,-0.12491190822490426,-0.9111941961243013
247,IBB,SVXY,0.09521216408549152,-inf,-inf,136.8227309194133,-0.12126845173522038,-0.5114474611292105
245,IBB,SPXU,-0.71180991497086,-inf,-inf,340.68325414351574,-1.5817183760748914,-7.055950881315526
244,IBB,SPXS,0.4734878990668724,-inf,-inf,450.3669883084791,-0.2180999945715701,-4.118739253560331
241,IBB,SHY,0.46502736539818373,-inf,-inf,112.36300707130421,-0.38347648390413225,-1.5445186744867325
240,IBB,SHV,-0.8151365141868555,-inf,-inf,117.01123328666675,-0.6801708814177585,-3.767202033162063
384,JDST,TZA,0.5489595307326515,-inf,-inf,993.8617463378904,-0.3077316085709259,-2.5035268853673927
236,IBB,QQQ,-0.9682872670252123,-inf,-inf,167.39026747721257,-0.20550664960218332,-5.872573482310199
235,IBB,QID,0.6802628112893306,-inf,-inf,168.24843640141077,-0.9658374526228392,-3.981228278277219
233,IBB,NUGT,-0.5854061554891663,-inf,-inf,258.1759689937336,-0.10076977083465025,-0.6968355916391284
232,IBB,LQD,0.13105162912129073,-inf,-inf,113.88716778030398,-0.6790625071677351,-2.844639215335705
231,IBB,LABU,-2.603063644402206,-inf,-inf,108.95523821796824,-0.05973385222857961,-0.9781747487577639
230,IBB,JNUG,0.08486664997247743,-inf,-inf,214.75435162166832,-0.2360648182539653,-1.0712054399147652
228,IBB,IYR,-2.930760778713669,-inf,-inf,108.26619280204764,-0.35505375662505867,-4.906771884759605
393,JDST,VOO,-0.9518754287813103,-inf,-inf,194.65190601930814,0.07271155071566493,-4.276163480879459
227,IBB,IWD,-2.3008419715849127,-inf,-inf,123.03161022491471,-0.2857062841575094,-3.281992891992177
280,IJH,VTI,-3.335872371475985,-inf,-inf,120.1718537298647,0.16757057174713283,-4.982994181230937
282,INDA,JDST,-0.7062543471414306,-inf,-inf,1279.2117924697934,-0.05248817372504881,-0.11150789337699732
283,INDA,LABU,-1.805967888103404,-inf,-inf,107.32976138788277,-0.14457820665694554,-0.3256110758667685
293,ITB,IVV,0.2572537352287681,-inf,-inf,165.98753889917128,-0.2522309629039521,-2.2708633298611143
323,IVW,SHV,-1.4287986303183073,-inf,-inf,122.7405193169593,-0.106507078281188,-0.28328161235195176
324,IVW,SHY,-3.4574059633433794,-inf,-inf,109.7823796374321,-0.22792512939421677,-0.7851976395538264
325,IVW,TIP,0.7035799201948117,-inf,-inf,125.14018700857179,-0.023763429307310475,-3.5943493046763697
327,IVW,XBI,-4.264292803548107,-inf,-inf,108.95287795470126,-0.2590866447104752,-1.0690886262693484
311,IVE,TIP,-2.6430549307737246,-inf,-inf,108.0679430950162,-0.3661086065657255,-2.1266689604202007
331,IWB,TIP,-2.031006473185963,-inf,-inf,100.47359918785098,-0.023621638588210234,-0.11388497532042291
307,ITB,VUG,-1.0419229379466601,-inf,-inf,144.0166431808472,-0.09873369561834063,-0.3087166696591847
305,ITB,VOO,0.5771707299449909,-inf,-inf,137.5440262345522,-5.095215126302831,-8.143747682380546
299,ITB,SHY,-3.181841755873914,-inf,-inf,119.25247239494328,-0.44549554710802625,-3.7971361724252044
336,IWD,TIP,-2.269821320105294,-inf,-inf,109.77059006195061,-0.15013170006778448,-0.764126343150577
298,ITB,QQQ,-0.7942177903178551,-inf,-inf,147.5400500725746,-0.13158526998454076,-0.43831298133755786
296,ITB,IWF,0.6800966058793323,-inf,-inf,144.70195803718565,-0.26409495161895197,-1.2056849659958246
295,ITB,IWB,-1.0930484989459515,-inf,-inf,137.093638647461,-0.21271581211800175,-0.8811631097115593
342,IWF,TIP,-2.1274883361202677,-inf,-inf,109.79774896926843,-0.07612614760884226,-1.0579144095997424
359,IYR,XLV,0.12719881479672934,-inf,-inf,120.06100017852792,-0.12419763340195622,-1.0619784275692792
292,INDA,XLV,0.08734898152229023,-inf,-inf,126.36588320589061,-0.5977294015048356,-0.7268287201245031
344,IWF,XBI,-2.276219352988911,-inf,-inf,116.0503582929695,-0.17754005714725815,-2.7908780612591606
291,INDA,XBI,-1.631626567362344,-inf,-inf,109.3607302836628,-0.1768103947283678,-0.951654777537527
290,INDA,VCIT,0.42700079289661447,-inf,-inf,107.00799255371115,-0.7567106775166251,-3.0725388152833144
288,INDA,TIP,-2.0354191639660226,-inf,-inf,119.64739104471177,-0.15443657902750632,-1.190379921316898
349,IYR,JNUG,-0.7353921752702014,-inf,-inf,716.93120659196,-0.18094094491088272,-1.6304688406587888
350,IYR,LQD,-1.0714787337731728,-inf,-inf,107.19161175613418,-1.188009824027958,-11.36667660419142
351,IYR,NUGT,-2.1326528803204687,-inf,-inf,151.85327878273222,-0.49335448450991704,-1.5249869243391585
352,IYR,SHV,-1.6286150470422398,-inf,-inf,104.36790583686803,-0.029460429668802253,-21.534895267752283
354,IYR,TIP,0.2949895622169739,-inf,-inf,107.4664850536349,-1.4477346670415545,-7.122684077541125
355,IYR,VCIT,0.016912415113419305,-inf,-inf,104.4815196933746,-0.7779103566411617,-4.810288197847384
356,IYR,VCSH,-3.197713913814909,-inf,-inf,103.9003849079132,0.4086261972236158,-11.165585581936787
357,IYR,VNQ,-3.409505623385502,-inf,-inf,104.29648784103402,-0.3675595353760596,-1.550883014894366
224,IBB,IEF,0.584733583555504,-inf,-inf,117.21033890876781,-1.006958540959876,-13.861512226508898
221,IAU,XLV,0.27332032975615084,-inf,-inf,123.39413800847667,-0.678670558198399,-1.5854495281312182
165,GDX,SPXS,0.0753415073515293,-inf,-inf,344.2759552592047,-0.9502666015969525,-7.397066226262786
219,IAU,XBI,-0.08720964408848432,-inf,-inf,122.00255673721169,-0.4554237446250175,-3.236791070971765
436,MDY,SPY,0.03984905725730626,-inf,-inf,140.83664181960145,-0.10508920879203751,-0.23256571659334904
182,GDXJ,VNQ,0.5217205931718619,-inf,-inf,112.98490170377002,-0.2026930978915235,-12.056356620944287
438,NUGT,SHV,-0.9999845228597157,-inf,-inf,123.72875196850215,-0.09014367243799669,-0.2052276917842276
439,NUGT,XLV,-0.8329155560990538,-inf,-inf,122.33013655688723,-0.41700365523162325,-2.3070665835878965
180,GDXJ,TIP,-0.9396165706397942,-inf,-inf,124.50466000204077,-0.13094431068196632,-0.3054087855389328
178,GDXJ,SHV,-0.4848050327946219,-inf,-inf,124.09388805418006,-0.14783033725785835,-1.491688374517025
442,PFF,XLV,0.10446321312677259,-inf,-inf,114.408395113945,-0.14421779348229688,-0.7577886250868697
443,QID,SHV,-1.372462052525152,-inf,-inf,132.80973550201693,-0.08579126555901262,-0.2618261102566961
177,GDXJ,LABU,-1.4690997349701334,-inf,-inf,110.14781574475681,-0.18310344671792128,-0.40725379785208426
175,GDXJ,IYR,-0.49786697396456686,-inf,-inf,113.78224353087452,-0.7298766601543601,-7.474166180606429
447,QLD,SHV,0.8952372745243248,-inf,-inf,115.70855862579342,-1.2449979106071016,-5.9660886785702045
448,QLD,SHY,-0.7961720515419841,-inf,-inf,115.27263235707274,-18.815526067633293,-22.835880058184664
449,QLD,TIP,-1.395679920341899,-inf,-inf,159.78551559948926,0.2253864482228086,-6.939111087125878
452,QLD,XLK,-2.6684055234901547,-inf,-inf,110.19593263677484,-0.2856046924344054,-4.5557843642536415
453,QQQ,SHV,-2.4166100348105313,-inf,-inf,104.87987072105403,-0.03794277265655404,-0.19386150710796865
173,GDX,XLV,0.08140895389004422,-inf,-inf,126.65956035250922,-3.3768277258055788,-4.117555698925763
455,QQQ,TIP,-2.1140468021965813,-inf,-inf,110.63666884794573,-0.03742361801199515,-5.287384369789119
457,QQQ,XBI,-1.5137851610953466,-inf,-inf,114.7574484767552,-0.13136668234989957,-0.5590525115755143
171,GDX,VNQ,-1.2050681813034154,-inf,-inf,114.92348787393246,-0.27756980772277107,-3.8983649166023646
459,RSX,SHV,-0.014130631567902525,-inf,-inf,111.9066921919505,-0.5460289383836786,-1.8608454154884697
460,RSX,TIP,-0.029168198591883448,-inf,-inf,110.11489891875715,-2.5740116023643864,-5.060191635737447
322,IVW,LABU,-1.6781304432192152,-inf,-inf,116.20014541419967,-0.1430063496683453,-0.5147766586257444
462,SH,TIP,-2.763509241471057,-inf,-inf,112.63903709204945,-1.0680939665192495,-2.312538706112317
169,GDX,TZA,-0.9360041159959331,-inf,-inf,845.197317487335,-2.039815481531918,-6.02925625250631
168,GDX,TIP,-1.3024083021614097,-inf,-inf,115.18950518034912,-0.23934098496792497,-0.8323319341116308
167,GDX,SQQQ,-0.7051594746999138,-inf,-inf,1340.7331369307883,-0.37176679311800315,-1.353111788910514
466,SHV,SPXU,-0.7643727248635808,-inf,-inf,157.3491849355012,0.20644885734458265,-4.0511560454047855
467,SHV,SQQQ,-0.7476079961311682,-inf,-inf,1720.1190646009761,-0.11953380112524006,-0.5208105644761409
166,GDX,SPXU,-0.7055393593916642,-inf,-inf,732.7122213852632,-0.06106839896233939,-0.6291482223500036
184,GDXJ,XLV,-0.6370043398829647,-inf,-inf,159.93123520757243,-0.1815604407921524,-0.6997253070783449
187,GLD,IEF,-0.8544236630841966,-inf,-inf,108.82881024055486,-0.6953033870373905,-6.852218633149916
189,GLD,IWO,0.5035149939006387,-inf,-inf,216.25035063719648,-0.2175921147591206,-0.5577120094508248
202,GLD,XOP,-2.762646820511317,-inf,-inf,133.049549094533,-0.7771083160269558,-4.794173569327317
218,IAU,VB,-0.8743531341350979,-inf,-inf,112.60673047951474,-0.14816719788317467,-0.29357002724908693
216,IAU,TZA,0.8069684743757107,-inf,-inf,855.9056756261824,-0.16906040449493162,-10.071818425638073
215,IAU,SQQQ,-0.6721118969917198,-inf,-inf,1535.9268358961233,-0.49329438721472285,-12.160883525936535
214,IAU,SHY,0.40172509231274856,-inf,-inf,105.25135712308898,-1.7117723307670292,-10.280765191988282
213,IAU,SHV,-0.9173543806841814,-inf,-inf,110.63908778038007,-0.1796574516020237,-0.8426103247176115
212,IAU,QID,0.42743312945570816,-inf,-inf,145.17834352763012,-0.20066010132625609,-1.420872714344757
407,JNUG,NUGT,-1.5501176230849276,-inf,-inf,615.3114050720216,-0.4525133450683465,-1.416811974005154
408,JNUG,SHV,-3.1331365597436327,-inf,-inf,122.44766013641369,-0.41674684591028843,-2.450595926646949
211,IAU,LABU,-2.0270826805619806,-inf,-inf,106.6446113543853,-0.29250999948668654,-2.2362997022145557
209,IAU,IWO,-0.22132025490967272,-inf,-inf,194.72859011794668,-0.05724707944685363,-1.9235961263809467
207,IAU,IEF,-1.1691498702727625,-inf,-inf,109.2344937001229,-0.6700656997666483,-3.7247320159873984
206,IAU,IBB,-0.002880161546038579,-inf,-inf,106.36063143059602,0.7566421081047285,-33.446849015870704
413,LABU,SDS,-0.42395633726772297,-inf,-inf,233.06431551609057,0.28586687100761443,-33.349538534349854
415,LABU,SHY,-2.1186372702258542,-inf,-inf,128.8370816591745,-1.4667105279260655,-6.361432337881437
192,GLD,QID,-0.222284989943052,-inf,-inf,204.8402142186764,-0.05147282192559909,-0.7007205718029087
199,GLD,XBI,-2.467260826912778,-inf,-inf,104.22724430795954,-72.93127276700523,-73.82724495857359
417,LABU,SPLV,0.21933563685987364,-inf,-inf,117.60991990185514,-0.38321303533979506,-2.7270292834924392
418,LABU,TBT,-1.2020433779882187,-inf,-inf,113.96520201170966,-0.37786406650458026,-2.735527532250366
419,LABU,TIP,-0.8622950350371686,-inf,-inf,137.19329637685206,-0.7448506027675381,-2.3929344991918593
198,GLD,VB,-3.012009282316462,-inf,-inf,124.09761720594565,-0.2958467402125391,-0.8472612613154349
196,GLD,TZA,0.4343844949575382,-inf,-inf,854.9144941787717,-0.5977244501299194,-8.782550843020994
422,LABU,UNG,-2.321062299226535,-inf,-inf,130.16478881815206,-0.08434418437946548,-0.2461536257108495
423,LABU,USO,0.32417694302686423,-inf,-inf,134.52242082303945,-0.3261152555212164,-2.3790357927671835
425,LABU,VWO,-2.287967713177703,-inf,-inf,108.15116132690216,-0.6665881165702013,-1.999611643661961
426,LABU,XBI,-1.5278236129456786,-inf,-inf,118.92917692617097,-0.47108343848663153,-1.4873939985365587
427,LABU,XLV,0.40906784663685963,-inf,-inf,129.45168503906393,-0.4821941881306152,-2.1036158013775674
195,GLD,SQQQ,0.43399565475439694,-inf,-inf,1533.1086850377358,0.3363565550807473,-24.63536569782924
193,GLD,SHV,-3.8247288261522234,-inf,-inf,106.55746138954139,-1.4475240523878365,-1.847060390595102
301,ITB,SPY,-0.1026933467365003,-inf,-inf,143.3669153203077,-0.7618328120094918,-2.1929296453673706
