,Ticker_1,Ticker_2,Sharpe_Ratio,CAGR,Max_Drawdowns,VaR_(perc.),CVaR_(perc.),Final_Value
118,LABD,PSQ,0.4290630895012398,0.07548944092573495,37.9776288484644,-0.022482289027335824,-0.03662144040585434,133736.95142719056
123,SQQQ,LABD,0.4042187206607128,0.052820674909387355,23.293192189026495,-0.016006999996123157,-0.026647002120767507,122827.36344730691
115,SLV,GDXJ,0.5124857724086739,0.050611988765209226,12.195716762265413,-0.008178340828963595,-0.013737059946445822,121801.29813817312
119,PSQ,LABD,0.31178829039295197,0.04861719550544974,42.391515188370846,-0.026550054193367492,-0.0414817235986796,120880.13343330711
113,SLV,GDX,0.5456826429179549,0.046619401393967586,13.095206532584998,-0.005930637351005214,-0.010354777105585602,119962.82728155155
114,GDXJ,SLV,0.33893410889848247,0.026084405436861857,11.966303518665347,-0.005440254678584358,-0.0114192113149856,110833.50602354226
12,EWU,INDA,0.42229010052056,0.020365456103712765,7.7274204552488355,-0.004406158003128133,-0.007827045001318065,108386.45520896238
112,GDX,SLV,0.2756398656837924,0.016919828633227274,9.684755931034497,-0.004287438427620344,-0.007880762376177094,106931.81422367063
64,VYM,XLI,0.5963617755870675,0.016073183708731342,3.3309059345183436,-0.0026611225120314564,-0.004101390857700468,106576.63726994963
144,XLRE,XLU,0.44541671784281056,0.015651669970218274,4.550751720139795,-0.0033522425038201437,-0.0056997598577320065,106400.13769911512
54,VGK,VXUS,1.0866254598881648,0.015137044679361944,1.1897273358565164,-0.0012999354114773844,-0.001831380864144076,106184.94690168698
62,VTV,XLI,0.6394324570843791,0.01506918564251758,4.755418683356435,-0.0024222413832403348,-0.0034757788606624798,106156.59598141118
10,EFA,VXUS,1.3514542238511011,0.013146001950786967,0.7239487723003525,-0.0009653504502047211,-0.0013622526162782357,105355.46305223658
51,VGK,VEU,0.9230269778923869,0.01235673247992719,1.4274943480253575,-0.0013134352243711934,-0.001928577356528826,105027.9954109782
11,VXUS,EFA,1.2997039884217307,0.012294690449639933,0.8067381449920458,-0.0009365677825594441,-0.001340225921444721,105002.28658104915
35,VXUS,IEFA,1.3025426371672317,0.012102373539198297,0.6400939871766163,-0.0008637932472002432,-0.0012808344916481397,104922.62473009992
34,IEFA,VXUS,1.2351579687312302,0.011954624076056408,0.7568899556461799,-0.0009012282009725033,-0.001270993556570612,104861.45446716207
33,VGK,IEFA,1.227171422262694,0.011444468520121376,1.0677585906480176,-0.0009121879467477047,-0.0013707780196382424,104650.4487154398
111,GLD,GDX,0.18069677951343555,0.011193914934286564,8.122359638722036,-0.005017032163260599,-0.010302295601971379,104546.93372401071
63,XLI,VTV,0.575829134251758,0.010376835638750581,2.878280360692527,-0.0017800485681269298,-0.0028783641997965612,104209.89464734907
49,VGK,VEA,0.9196574290610717,0.00959900656108581,1.241832460361246,-0.0009698802759599078,-0.001530153462852488,103889.80340845101
29,INDA,IEFA,0.2375206590210047,0.009478947990516184,5.997272215136783,-0.003646617892310216,-0.006377894089329224,103840.46279884911
6,EFA,VEU,1.0876118109732025,0.009248078682753125,0.5954034040416778,-0.0007730833170712447,-0.001247197505022021,103745.63154507104
7,VEU,EFA,0.8634152129979693,0.007574624299789168,1.1216745339529668,-0.0009009203792493892,-0.0013474150891701659,103060.18738574344
30,IEFA,VEU,0.7466839870027755,0.007569020820734407,0.7599212166522915,-0.0007777913938615338,-0.0012951015541153462,103057.89792868213
121,QID,LABD,0.1476250617892377,0.007292490110154981,46.27808030822564,-0.021440345931724898,-0.03682471219989114,102944.9609838271
61,XLI,RSP,0.37493026824151443,0.007233830256422102,5.1238650047292715,-0.001855841713321896,-0.00284549720790506,102921.0158502091
21,VEA,EZU,0.513350690419185,0.006761967255751511,2.1769269615666893,-0.0012927444261151566,-0.00216664191743695,102728.55176202153
100,LQD,MUB,0.3550055178086224,0.006361227222517973,2.4561131836056553,-0.0010759506264736442,-0.0022859659895613344,102565.30938355024
31,VEU,IEFA,0.6900489908037822,0.006104211996576181,1.7450510214862842,-0.0008435828971030896,-0.0013305833121671068,102460.71604192522
13,INDA,EWU,0.1473331247857008,0.005947407253841908,8.116004987222478,-0.004411280410368843,-0.007588092046284156,102396.94303010745
20,EZU,VEA,0.4092012589602668,0.00525674355974548,1.903375466295227,-0.001391704865577792,-0.0020596815217274436,102116.40191000476
9,VGK,EFA,0.5936545559520192,0.005190364726196606,1.1559802625161064,-0.0007537757144614601,-0.0013184881147898853,102089.46983301645
46,VEA,VEU,0.7358812231949505,0.0049902777553367805,0.9347491238948472,-0.0006645093765575039,-0.0010069794889275617,102008.32018075463
92,BNDX,IGSB,0.3213777191957161,0.004416146302114177,1.1510159745569386,-0.0005885715259344225,-0.0013482115926444014,101775.73703464343
143,XLU,XLP,0.13561693739208758,0.0043693232899577605,10.481085465342822,-0.003529916092741784,-0.005987381245011367,101756.78637787336
89,MUB,BND,0.3269140287737064,0.004298500858629595,1.3292587992185139,-0.0007038704613178918,-0.0015101176083534317,101728.12747355175
28,IEFA,INDA,0.10928442307471085,0.004227130762922915,11.01855726638206,-0.004043411144549815,-0.0072478716453843964,101699.25307381665
88,BND,MUB,0.35830052631016757,0.004116474272708004,1.2802042300464505,-0.00045070771427252915,-0.0013236406041146037,101654.49661562126
53,VXUS,VEU,0.7113592584309656,0.004059343741823929,0.5429160197119041,-0.0004137691023354138,-0.0006854465522324862,101631.39520903528
139,SJNK,BKLN,0.2756447395605457,0.003929135019145047,3.4288169311507297,-0.0008017632046676239,-0.0020005554815482477,101578.75847718
145,XLU,XLRE,0.12765727181125794,0.0038823147990441065,4.749640466823598,-0.0029693381039705394,-0.005350458810335341,101559.83645152462
93,IGSB,BNDX,0.28317668160569054,0.0038541763929300643,1.1290199007405048,-0.0006488326589579223,-0.0013705317878347871,101548.46580612508
101,MUB,LQD,0.20166308165454044,0.003520028391079233,2.731111568304752,-0.0010454609358323756,-0.0022149861151126954,101413.51054740109
18,EZU,SCHF,0.26468325465820125,0.0033951296149721255,1.6591382738668954,-0.0012546071926254191,-0.002107150547388795,101363.1011294894
19,SCHF,EZU,0.24135962248302736,0.0033518917392358905,2.8631735795156836,-0.0012471476253917597,-0.002307100654996327,101345.65460644523
60,RSP,XLI,0.17571596803140407,0.003351004285191417,5.4151073359687185,-0.0019069537271382232,-0.002902422554306735,101345.29654149167
71,BIV,AGG,0.46302903856566724,0.0029239227235178245,0.8495336412547425,-0.0003462718129595214,-0.0007100996175202096,101173.09009830457
5,VEA,EFA,0.4658426803651953,0.0027858556907884857,0.6763583989944312,-0.0005595134790464634,-0.000783962983520933,101117.4661058771
106,MUB,VCSH,0.3229899582446206,0.002703388967451703,1.156079007187479,-1.0862265721870768e-05,-3.678212161719897e-05,101084.25312147493
70,AGG,BIV,0.5170704890446018,0.0026571216539004183,0.31115838734642487,-1.058934994298589e-05,-2.400372312531709e-05,101065.62281657972
47,VEU,VEA,0.3807948210718464,0.0025470829207965284,2.001917744565715,-0.0006777961612887515,-0.0010179653125548657,101021.32422780734
52,VEU,VXUS,0.389162552623804,0.0023006182812495,0.6427083731597936,-0.00048391712707360174,-0.0007697911981410813,100922.15710835038
40,INDA,VEU,0.0745334978831174,0.0021200295746330866,9.599407530850161,-0.0028696880888761443,-0.005976279831581507,100849.54206298626
110,GDX,GLD,0.061107494548720206,0.0018006357161941544,12.542127842430231,-0.006024384046884556,-0.01043960807886003,100721.20911941415
24,EZU,VXUS,0.11707871977756044,0.0017051276847486196,3.142387430404616,-0.0013789035189318453,-0.0025065333787827196,100682.85763414943
55,VXUS,VGK,0.6815158891109792,0.0008396506621581867,0.0,-3.335615971273703e-06,-3.335615971273703e-06,100335.82207465969
25,VXUS,EZU,0.707471941743104,0.0007858282182531262,0.0,-3.1215126617342575e-06,-3.1215126617342575e-06,100314.27022171588
50,VEU,VGK,0.6377523509394462,0.0007431331795435536,0.0,-2.952358608402816e-06,-2.9523586084028155e-06,100297.17652864827
23,VEU,EZU,0.702603344663194,0.0006892951880685949,0.0,-2.7379524578866437e-06,-2.7379524578866445e-06,100275.62467570446
48,VEA,VGK,0.5046772992061984,0.0006263483585497998,0.0,-2.489321112465243e-06,-2.489321112465243e-06,100250.43087213142
32,IEFA,VGK,0.5925400533886729,0.00047784402668726855,0.0,-1.8982126416743821e-06,-1.8982126416743817e-06,100191.01238511004
8,EFA,VGK,0.4435802006571456,0.0004277602754643173,0.020798872869141633,-1.6999909022006092e-06,-1.9069448610975576e-06,100170.97918878825
4,EFA,VEA,0.038079388921317375,0.00021017450178417718,1.308828800308406,-0.0005678142623396146,-0.0008377377013961514,100083.98105963838
79,IGSB,BIV,-0.01894487306505834,-0.0004456226414650821,3.5364170251889915,-0.0007417012637833316,-0.0017509298330120964,99822.11385220446
75,MBB,AGG,-0.04218738940766886,-0.0005455103765821256,2.1433908379775906,-0.0005249221461955095,-0.001238142266891767,99782.27267330757
66,IVV,SPY,-0.18821823735303192,-0.0008442489017573829,0.9458671220549881,-0.00016596430300649663,-0.0005217628324424099,99663.18909007894
140,GOVT,IEF,-0.12985963151775837,-0.0010115481835153428,1.5739477176221592,-0.0005339262917944903,-0.0009538194962881105,99596.54656512346
90,BND,VCSH,-0.05361392749564246,-0.0010277339790887297,3.1196279773578874,-0.0005305218088702978,-0.0015341468239778698,99590.10083694608
141,IEF,GOVT,-0.1303796128043194,-0.0011008289484985,1.617500072520629,-0.0005216342010456223,-0.0010280164460465722,99560.99585664395
67,SPY,IVV,-0.2628938718629674,-0.0014374768156321105,0.9644912631107261,-0.00020393308169380382,-0.0007095359841175575,99427.03159562842
1,IEFA,EFA,-0.268025254804788,-0.0015319320745096343,1.2221596311528666,-0.00042766518947172307,-0.0006842295615502045,99389.46874834005
91,VCSH,BND,-0.08979698136287217,-0.001661347016836845,3.200231561604283,-0.0007001959953603659,-0.0016253978776291699,99338.02045303883
84,BND,BSV,-0.1188980703537544,-0.0020422630086613935,3.336888619326811,-0.0006165409109890357,-0.0015893283676800584,99186.70496979816
77,BND,BIV,-0.19011201573034858,-0.002090339213719594,1.6309839749937034,-0.0004132024009812179,-0.0011535051148894523,99167.61941336509
0,EFA,IEFA,-0.6468623376248951,-0.0027318660731255884,1.2626828468451505,-0.00040796551204008946,-0.0007119937648322588,98913.20593599309
22,EZU,VEU,-0.2220168722679213,-0.003021531510293385,4.6159098962757685,-0.001255248227365255,-0.0023405850295848863,98798.4923653728
65,XLI,VYM,-0.14713195091417072,-0.0030477470767125148,3.5993878305448335,-0.0017792398665745508,-0.003274899877601889,98788.11537664247
14,EWW,INDA,-0.0320521282617681,-0.003097935324362422,9.774106593650197,-0.004582738271935783,-0.008317956158620082,98768.2514868011
3,INDA,EFA,-0.0499938194990258,-0.0031089389976551862,9.20637283358663,-0.003918694388718756,-0.0064940453224465,98763.89676877053
82,BIV,MBB,-0.300463547719863,-0.003251406502284504,1.8718877388926096,-0.0007340472364269582,-0.0013413021964179131,98707.52806314494
76,BIV,BND,-0.30540945917052886,-0.003281797956975474,1.6527933627422713,-0.0003801153558997019,-0.0011092972986285789,98695.5064993476
138,BKLN,SJNK,-0.22392717511181612,-0.003286797228063132,4.9956254248580745,-0.0009647934929221959,-0.00218019294530617,98693.52910596706
85,BSV,BND,-0.19954928197361366,-0.003305829093879664,3.997660561780722,-0.00046675688790072216,-0.0015119665545619198,98686.00158319503
131,TZA,SH,0.05366153629054987,-0.0036158676943818246,23.807113930931095,-0.013309921049236256,-0.024523826778833913,98563.43508304574
74,AGG,MBB,-0.3189027120438013,-0.0036353606181369624,2.568713595681114,-0.0005973106773104448,-0.0012601797111419638,98555.73282702206
83,MBB,BIV,-0.3649490271472711,-0.0037845934994629182,1.877992841876956,-0.0006908226154140482,-0.001315731713591185,98496.7812571351
96,BNDX,VCSH,-0.34146998687873575,-0.0038993373149147637,2.1381219207511157,-0.0005939334538723928,-0.0013641390269049955,98451.47190685174
97,VCSH,BNDX,-0.3401689480536462,-0.003995658012111658,2.3779179161609294,-0.0006659262895332893,-0.0014285551536229722,98413.44943184918
105,VCIT,MUB,-0.33341196071083284,-0.005007684745377383,3.6074006592449743,-0.0006142543018783102,-0.002005014536836226,98014.61825643221
44,INDA,VXUS,-0.10533926293639635,-0.005031302119795744,10.706189441448835,-0.002841355265229702,-0.006220374673444966,98005.32534140715
104,MUB,VCIT,-0.3490555942718683,-0.005259155069651578,3.567733717422482,-0.0007383759022877598,-0.001995400365021837,97915.704161371
39,VEA,INDA,-0.08657978222376499,-0.0053766694694079575,11.379556427468655,-0.004328064097135601,-0.00703745856889934,97869.50635778287
16,EZU,INDA,-0.09286393950049603,-0.005757171404908168,10.447478182967338,-0.004115551863127722,-0.007614625002380441,97720.03378223139
102,MBB,VCSH,-0.5230920720562131,-0.006102858843041181,2.623325211263136,-0.0005229219423216482,-0.0015479569793715594,97584.38580973931
78,BIV,IGSB,-0.365272049414572,-0.00629131585915621,4.397783036903683,-0.000864726281053358,-0.001822953043368326,97510.49463642287
103,VCSH,MBB,-0.5541816173633545,-0.006527028207866548,2.7073854662218952,-0.0006000216469882054,-0.0015918129097131615,97418.1344026941
95,MUB,BNDX,-0.583415792241907,-0.006920794185380608,3.198321618972157,2.7298632778879647e-05,-2.0852990825023322e-05,97263.98960824008
109,GDXJ,GDX,-0.18853973220620576,-0.0073351775983089285,6.524256508514578,-0.003074258515373815,-0.005342097801939257,97101.9713820852
137,HYG,BKLN,-0.3671138344010494,-0.007412747686267651,6.487392655258865,-0.0014662802752308302,-0.0028133322154681086,97071.66503828907
142,XLP,XLU,-0.1835735449260896,-0.007825854373008423,12.316713667574515,-0.0038345219295888213,-0.006253625156076589,96910.38521793594
58,IWR,VYM,-0.46219192949832016,-0.00800258012569377,5.011245452324552,-0.0010511130564742396,-0.0028278884891444413,96841.45159739346
107,VCSH,MUB,-0.5553425008180481,-0.008561725442189916,5.105146202665576,-0.0007132301267981934,-0.0017492972660872294,96623.59357178185
38,INDA,VEA,-0.18494463725137697,-0.00931863115223408,10.606497493079996,-0.0039508694632912145,-0.006818811034196084,96329.26834704404
136,BKLN,HYG,-0.4886721307418046,-0.009401651410692491,6.970249503637982,-0.0015085368583840333,-0.0029061499049594978,96297.02660384984
87,MBB,BND,-0.8054099143635924,-0.00945691115293068,4.038503513501485,-0.0005090960614067181,-0.0015415409375115663,96275.57041820287
135,TZA,SPXU,-0.058729383582224,-0.009773643892733053,18.146691280354776,-0.007698551396487248,-0.014662771595809497,96152.65894690761
2,EFA,INDA,-0.17422363350992795,-0.009854725685756738,13.624906038501758,-0.004095727474423955,-0.0073697599415250125,96121.21322450611
36,INDA,SCHF,-0.21785595854893555,-0.010141736563108239,10.72915428109383,-0.003686573601037497,-0.006608010588109241,96009.96454900867
86,BND,MBB,-0.9049849330266159,-0.010293969462086161,4.049003460525157,-0.0005161777658243689,-0.0014687660126596028,95950.99653947484
26,FEZ,INDA,-0.19052390996886573,-0.010830424090067514,12.568808325053455,-0.004238575451598985,-0.007763969272404333,95743.41513114182
81,LQD,BIV,-0.5219351471012192,-0.011105847785902956,6.684894659595522,-0.0007608605770539006,-0.002774666116423973,95636.97067052571
80,BIV,LQD,-0.5459879496978988,-0.01150728039822102,6.461464945048621,-0.0009698468024582684,-0.002702466357814615,95481.98578715086
42,INDA,VGK,-0.24136508738689094,-0.012285132319968084,11.926610327878315,-0.0042979335434062925,-0.0071162191630940765,95182.20911463951
120,LABD,QID,0.04568140814183885,-0.012996381478223462,35.01435864511441,-0.02112062099731818,-0.03457323253946887,94908.71855346466
15,INDA,EWW,-0.17658741899759214,-0.013345960601813145,16.20592000324856,-0.006418749934960893,-0.009106656809810085,94774.51401617036
59,VYM,IWR,-0.7012484728801396,-0.013535013606032487,7.34857913699585,-0.0014377372662943465,-0.003331547593092343,94701.99526550362
127,VIXY,LABD,0.06156852537520482,-0.014564213766615097,31.03782682701381,-0.025041214316453227,-0.036558660076939135,94307.93424473898
73,LQD,AGG,-0.7020480741129917,-0.01562849892342244,7.047118370536975,-0.0007387122328843725,-0.002617870408229217,93901.73396138818
72,AGG,LQD,-0.698251383471822,-0.015772782808346486,7.160402037575272,-0.0007740372325785893,-0.002677352398448002,93846.76699671772
108,GDX,GDXJ,-0.3243939046178329,-0.017348004225844482,11.046664469112303,-0.0029693338910847383,-0.007417939845911197,93248.23224935622
43,VGK,INDA,-0.3184745808373607,-0.01811932830650731,18.321643097643825,-0.004618735438463494,-0.008021202324991481,92956.19921999805
94,BNDX,MUB,-1.2099917440822574,-0.018375377555635786,7.515930539024378,-0.0007542999218414684,-0.002137307082616401,92859.40749263237
37,SCHF,INDA,-0.36282138757290994,-0.01917649500079155,16.226831446134696,-0.004496662330999593,-0.007326221368853712,92557.05705777154
17,INDA,EZU,-0.3851675340153037,-0.01970015160018157,13.950686002805158,-0.004205954902462561,-0.007672135220523576,92359.82262684903
133,TZA,SPXS,-0.21046938436987528,-0.020000672547145992,20.338606495411888,-0.005736198105158134,-0.01289930120761884,92246.77427985257
68,EWY,FXI,-0.6776251612889135,-0.02463360367391787,10.71173773704908,-0.003750617873127429,-0.005783255487975477,90517.07483060547
99,MBB,LQD,-1.136046838833433,-0.026401934286766626,10.23752179468968,-0.000920488676886257,-0.0033143734485698655,89863.32473260758
132,SPXS,TZA,-0.2848823433453598,-0.02841976590821904,21.8070069750056,-0.006356366510431217,-0.014356664981213156,89121.66542829375
41,VEU,INDA,-0.5762165900096641,-0.028654469070789168,17.543736485875133,-0.004177758060093146,-0.007495149001040338,89035.6985532007
98,LQD,MBB,-1.1798096348782776,-0.029240184984199336,11.282753993416426,-0.0011380034286604447,-0.003687305523043455,88821.434167962
45,VXUS,INDA,-0.5843851277385592,-0.029243287702477527,18.197034588454837,-0.004033343404801846,-0.007416968315013066,88820.30017354531
69,FXI,EWY,-0.6868117463684784,-0.029882385493640973,12.8084350573792,-0.004543162257469192,-0.007025357340698718,88586.9513081933
56,IWM,TNA,-0.2118735929432702,-0.03289258050674582,28.916046368796156,-0.010506752047642792,-0.019623461564037593,87494.0361331185
27,INDA,FEZ,-0.675109964353999,-0.034176478381867326,18.206801055515925,-0.004514799653860568,-0.007925051822474844,87030.97798758124
126,LABD,VIXY,-0.09188217889276468,-0.041908491360154954,43.198344552399185,-0.020719948407149674,-0.034301713962497135,84281.03184491809
122,LABD,SQQQ,-0.15560087598429728,-0.04597411016071706,41.28313427788414,-0.01979216579381807,-0.030686564068579125,82861.47144268398
134,SPXU,TZA,-0.3880251122166038,-0.04723069760855092,29.030661428872495,-0.00672770983994638,-0.016835969920342645,82426.36722914869
57,TNA,IWM,-0.5569751328704668,-0.050772829037481815,25.967669606372,-0.008089051616391443,-0.014893136274087362,81209.0899143541
117,NUGT,JNUG,-0.4881777936052655,-0.06018576004237386,32.29942600305493,-0.010116437780722038,-0.017277977667601016,78039.73741366612
129,TZA,SDS,-0.4174419909598008,-0.06640909145372453,33.54326300681904,-0.00855823880690987,-0.020841170372307323,75995.86817364473
116,JNUG,NUGT,-0.6793922838706696,-0.06775325879456706,29.675670697343733,-0.008129029221722338,-0.0155332538604805,75559.73910712643
128,SDS,TZA,-0.4619446203659602,-0.07352450968365176,35.8308086485802,-0.009446609418062055,-0.021518346626566764,73708.48256377983
130,SH,TZA,-0.4643226399516599,-0.08950037571743497,36.48528444944206,-0.015843211402845263,-0.026621428131928165,68761.00382516766
124,LABD,UVXY,-0.2625523237397313,-0.12745844539541062,70.54760564890607,-0.024243155475493768,-0.04876213809841383,58005.468230007915
125,UVXY,LABD,-0.6975179370086139,-0.24088525754686752,68.33576588340769,-0.027898497826221894,-0.05024980821840159,33257.190090285876
